

## The number of loci caught by each filter.
## ipyrad API location: [assembly].stats_dfs.s7_filters

                            total_filters  applied_order  retained_loci
total_prefiltered_loci             284028              0         284028
filtered_by_rm_duplicates           21686          21686         262342
filtered_by_max_indels              72327          72327         190015
filtered_by_max_snps                 6270           2090         187925
filtered_by_max_shared_het            323             85         187840
filtered_by_min_sample             276658         186941            899
filtered_by_max_alleles             57507            575            324
total_filtered_loci                   324              0            324


## The number of loci recovered for each Sample.
## ipyrad API location: [assembly].stats_dfs.s7_samples

     sample_coverage
A04              296
A05              311
A06              313
A07              320
A08              309
A09              310
A10              306
A11              198
A12              282
B04              314
B05              314
B06              320
B07              317
B08              297
B09              314
B10              313
B11              309
B12              263
C04              317
C05              310
C06              306
C07              321
C08              308
C09              317
C10              309
C11              311
C12              240
D03              308
D04              319
D05              305
D06              260
D07              311
D08              313
D09              314
D10              312
D12              297
E03              271
E04              319
E05              313
E06              284
E07              305
E08              300
E09              317
E10              197
E11              237
E12              279
F04              315
F05              308
F06              317
F07              296
F08              307
F09              297
F10              302
F11              286
F12              171
G04              311
G05              306
G06              314
G07              306
G08              302
G09              309
G10              301
G11              312
G12              192
H03              296
H04              319
H05              311
H06              318
H07              275
H08              312
H09              305
H10              298
H11              280
H12              178


## The number of loci for which N taxa have data.
## ipyrad API location: [assembly].stats_dfs.s7_loci

    locus_coverage  sum_coverage
1                0             0
2                0             0
3                0             0
4                0             0
5                0             0
6                0             0
7                0             0
8                0             0
9                0             0
10               0             0
11               0             0
12               0             0
13               0             0
14               0             0
15               0             0
16               0             0
17               0             0
18               0             0
19               0             0
20               0             0
21               0             0
22               0             0
23               0             0
24               0             0
25               0             0
26               0             0
27               0             0
28               0             0
29               0             0
30               0             0
31               0             0
32               0             0
33               0             0
34               0             0
35               0             0
36               0             0
37               0             0
38               0             0
39               0             0
40               0             0
41               0             0
42               0             0
43               0             0
44               0             0
45               0             0
46               0             0
47               0             0
48               0             0
49               0             0
50               0             0
51               0             0
52               0             0
53               0             0
54               0             0
55               0             0
56               0             0
57               0             0
58               0             0
59               0             0
60              18            18
61              20            38
62              16            54
63              21            75
64              15            90
65              16           106
66              19           125
67              28           153
68              23           176
69              26           202
70              33           235
71              25           260
72              25           285
73              24           309
74              15           324


## The distribution of SNPs (var and pis) per locus.
## var = Number of loci with n variable sites (pis + autapomorphies)
## pis = Number of loci with n parsimony informative site (minor allele in >1 sample)
## ipyrad API location: [assembly].stats_dfs.s7_snps

    var  sum_var  pis  sum_pis
0     7        0   26        0
1    11       11   18       18
2     8       27   11       40
3     7       48   13       79
4     5       68   30      199
5     6       98   30      349
6     0       98   33      547
7     6      140   27      736
8     4      172   31      984
9    14      298   27     1227
10    5      348   16     1387
11   17      535   20     1607
12   19      763    8     1703
13   17      984    9     1820
14   17     1222    7     1918
15   16     1462    9     2053
16   20     1782    0     2053
17   21     2139    2     2087
18   21     2517    1     2105
19   17     2840    3     2162
20   18     3200    0     2162
21    6     3326    1     2183
22    3     3392    1     2205
23    7     3553    0     2205
24    5     3673    0     2205
25    5     3798    0     2205
26    5     3928    0     2205
27    3     4009    0     2205
28    4     4121    0     2205
29    4     4237    0     2205
30    2     4297    0     2205
31    5     4452    0     2205
32    5     4612    0     2205
33    3     4711    0     2205
34    1     4745    0     2205
35    1     4780    1     2240
36    2     4852    0     2240
37    5     5037    0     2240
38    1     5075    0     2240
39    0     5075    0     2240
40    1     5115    0     2240


## Final Sample stats summary

     state  reads_raw  reads_passed_filter  clusters_total  clusters_hidepth  hetero_est  error_est  reads_consens  loci_in_assembly
A04      7    1586919              1354596          224997             39021    0.022984   0.007740          32770               296
A05      7    2617719              2339116          285408             58695    0.020518   0.007073          49047               311
A06      7    3196820              2725690          369899             69062    0.026653   0.008110          55994               313
A07      7    3500405              3057619          446289             78057    0.030037   0.008577          62336               320
A08      7    2758913              2374411          276741             59123    0.024248   0.008151          48443               309
A09      7    6118488              5133172          497207            100054    0.026506   0.007964          78963               310
A10      7    2624056              2258959          314458             55455    0.023369   0.007561          45524               306
A11      7    1341199              1067157          191978             34490    0.012703   0.004849          31092               198
A12      7    3465897              2913651          364091             68013    0.022916   0.008188          55461               282
B04      7    2450881              2097567          274916             55743    0.024536   0.008186          45923               314
B05      7    2073998              1758627          241546             49147    0.022394   0.008188          40743               314
B06      7    2802567              2437598          380705             66416    0.028858   0.008634          53726               320
B07      7    3080592              2717205          376309             66784    0.029312   0.008262          53825               317
B08      7    1725562              1406349          249441             41859    0.026498   0.009490          33734               297
B09      7    4049292              3453532          393136             70819    0.026245   0.007983          56335               314
B10      7    3158841              2674297          323406             67264    0.020287   0.007433          55717               313
B11      7    4522997              3922011          470140             86323    0.026419   0.007871          68739               309
B12      7     803051               649080          139969             21867    0.020839   0.007619          18675               263
C04      7    3795362              3239000          395050             74096    0.026336   0.008143          59678               317
C05      7    2000023              1698009          262094             48622    0.023861   0.009653          39528               310
C06      7    2935447              2534636          324938             62105    0.023951   0.007583          50947               306
C07      7    2603299              2220025          306826             55993    0.026568   0.007964          45769               321
C08      7    2475209              2165891          288270             58185    0.022681   0.007332          48188               308
C09      7    2719818              2279097          320927             60299    0.024958   0.008437          49072               317
C10      7    3175008              2817306          330395             56836    0.020491   0.006698          47469               309
C11      7    3084661              2629000          393197             67374    0.025711   0.009104          54263               311
C12      7    1040817               853382          175840             26293    0.021289   0.008727          22039               240
D03      7    2882929              2479207          404472             68076    0.020091   0.006338          58486               308
D04      7    3183276              2614294          340717             66559    0.025118   0.008054          54195               319
D05      7    1990582              1700466          286575             46106    0.025397   0.009031          37520               305
D06      7    2776506              2267258          356326             60044    0.037456   0.012698          41067               260
D07      7    2533610              2159762          277681             51242    0.023602   0.007301          42329               311
D08      7    4205186              3461111          391633             77866    0.025901   0.007628          62572               313
D09      7    4085512              3578700          462064             84138    0.025028   0.008594          67668               314
D10      7    2842575              2389990          281466             60584    0.020110   0.007270          50502               312
D12      7    3695182              3098038          404689             75343    0.026291   0.009103          60276               297
E03      7    1774507              1490846          258164             39200    0.022014   0.006657          33439               271
E04      7    4417062              3745268          432782             87795    0.026920   0.008972          69850               319
E05      7    2426229              1934368          265183             49736    0.022963   0.007751          41120               313
E06      7    1103238               959931          176988             30487    0.027830   0.010536          24766               284
E07      7    2048408              1705239          254796             44861    0.022241   0.006944          37692               305
E08      7    3874828              3155711          293395             61858    0.023464   0.007022          49922               300
E09      7    4280668              3601733          423986             79871    0.027189   0.008713          63586               317
E10      7    1014823               840613          176339             25869    0.021469   0.005902          22316               197
E11      7     858001               698927          151524             20395    0.024841   0.008585          17022               237
E12      7    2707996              2059749          304560             49491    0.029366   0.009928          38807               279
F04      7    3074553              2675881          390966             70700    0.025292   0.008833          57570               315
F05      7    2788467              2469712          399932             66175    0.025464   0.008475          54129               308
F06      7    2478691              2205969          306129             57491    0.022218   0.006702          48073               317
F07      7    4138931              3486057          359463             67420    0.024987   0.007084          54977               296
F08      7    1725993              1430919          200602             40265    0.020995   0.007559          33758               307
F09      7    2025575              1647712          225422             43275    0.026895   0.010124          34358               297
F10      7    2280041              1936489          280337             50337    0.023094   0.007497          41742               302
F11      7    1387216              1228741          230156             37047    0.023816   0.009108          30151               286
F12      7    3050504              2538559          361132             61038    0.028246   0.009321          48130               171
G04      7    2581888              2327776          355438             64042    0.022774   0.008303          52799               311
G05      7    5566383              4790820          541861            104163    0.027528   0.008442          82197               306
G06      7    4393871              3717786          468630             88200    0.026256   0.007663          71348               314
G07      7    1782859              1544180          242596             40530    0.021672   0.007057          34172               306
G08      7    4571388              3875516          390976             78580    0.024209   0.007466          62766               302
G09      7    2780450              2491433          402645             61410    0.024630   0.008481          50032               309
G10      7    2161071              1883830          305569             53987    0.023669   0.007789          44806               301
G11      7    3704800              3174028          385677             73124    0.025775   0.007815          59154               312
G12      7    2250037              2039141          307847             53344    0.020632   0.008742          44147               192
H03      7    3224769              2712761          320340             61183    0.024884   0.007194          49903               296
H04      7    3510826              2933298          401509             75711    0.024892   0.008418          61423               319
H05      7    2085754              1755329          261188             52621    0.024117   0.007865          43634               311
H06      7    3412852              2843398          386389             71689    0.028917   0.008008          57767               318
H07      7    1123664               915356          138798             23987    0.021258   0.007091          20231               275
H08      7    4306433              3727221          434892             85084    0.024680   0.008049          68535               312
H09      7    2001007              1671174          314122             48422    0.022226   0.006238          41067               305
H10      7    1550369              1362977          249031             39483    0.020680   0.007266          33584               298
H11      7    3911694              3256036          405121             72430    0.024014   0.008321          58414               280
H12      7    2909170              2301133          299941             54254    0.034332   0.011656          38585               178