

## The number of loci caught by each filter.
## ipyrad API location: [assembly].stats_dfs.s7_filters

                            total_filters  applied_order  retained_loci
total_prefiltered_loci             351990              0         351990
filtered_by_rm_duplicates           20717          20717         331273
filtered_by_max_indels              40506          40506         290767
filtered_by_max_snps                10499           5529         285238
filtered_by_max_shared_het            959            308         284930
filtered_by_min_sample             338237         282156           2774
filtered_by_max_alleles             72505           1697           1077
total_filtered_loci                  1077              0           1077


## The number of loci recovered for each Sample.
## ipyrad API location: [assembly].stats_dfs.s7_samples

     sample_coverage
A04              760
A05              889
A06              883
A07              920
A08              890
A09              929
A10              820
A11              433
A12              744
B04              892
B05              904
B06              905
B07              907
B08              766
B09              889
B10              867
B11              890
B12              602
C04              931
C05              884
C06              855
C07              891
C08              855
C09              916
C10              828
C11              871
C12              526
D03              769
D04              924
D05              840
D06              696
D07              879
D08              906
D09              936
D10              877
D12              834
E03              636
E04              939
E05              882
E06              672
E07              796
E08              859
E09              930
E10              439
E11              544
E12              735
F04              932
F05              896
F06              820
F07              857
F08              781
F09              779
F10              786
F11              694
F12              371
G04              910
G05              914
G06              880
G07              783
G08              897
G09              821
G10              811
G11              889
G12              373
H03              845
H04              929
H05              864
H06              905
H07              647
H08              928
H09              708
H10              723
H11              738
H12              353


## The number of loci for which N taxa have data.
## ipyrad API location: [assembly].stats_dfs.s7_loci

    locus_coverage  sum_coverage
1                0             0
2                0             0
3                0             0
4                0             0
5                0             0
6                0             0
7                0             0
8                0             0
9                0             0
10               0             0
11               0             0
12               0             0
13               0             0
14               0             0
15               0             0
16               0             0
17               0             0
18               0             0
19               0             0
20               0             0
21               0             0
22               0             0
23               0             0
24               0             0
25               0             0
26               0             0
27               0             0
28               0             0
29               0             0
30               0             0
31               0             0
32               0             0
33               0             0
34               0             0
35               0             0
36               0             0
37               0             0
38               0             0
39               0             0
40               0             0
41               0             0
42               0             0
43               0             0
44              76            76
45              74           150
46              56           206
47              59           265
48              57           322
49              56           378
50              48           426
51              42           468
52              38           506
53              42           548
54              35           583
55              40           623
56              33           656
57              35           691
58              39           730
59              23           753
60              18           771
61              33           804
62              28           832
63              21           853
64              18           871
65              27           898
66              15           913
67              26           939
68              19           958
69              21           979
70              25          1004
71              20          1024
72              18          1042
73              13          1055
74              22          1077


## The distribution of SNPs (var and pis) per locus.
## var = Number of loci with n variable sites (pis + autapomorphies)
## pis = Number of loci with n parsimony informative site (minor allele in >1 sample)
## ipyrad API location: [assembly].stats_dfs.s7_snps

    var  sum_var  pis  sum_pis
0     6        0   40        0
1    17       17   59       59
2    24       65   47      153
3    18      119   63      342
4    18      191   97      730
5    20      291   90     1180
6    18      399  105     1810
7    24      567   87     2419
8    24      759   94     3171
9    46     1173   68     3783
10   35     1523   66     4443
11   48     2051   55     5048
12   41     2543   42     5552
13   50     3193   32     5968
14   50     3893   26     6332
15   53     4688   25     6707
16   50     5488   17     6979
17   54     6406   13     7200
18   69     7648    5     7290
19   57     8731   10     7480
20   55     9831   12     7720
21   23    10314    9     7909
22   15    10644    5     8019
23   23    11173    4     8111
24   28    11845    5     8231
25   22    12395    1     8256
26   19    12889    0     8256
27   23    13510    0     8256
28   18    14014    0     8256
29   22    14652    0     8256
30   13    15042    0     8256
31   14    15476    0     8256
32   17    16020    0     8256
33   15    16515    0     8256
34    9    16821    0     8256
35    4    16961    0     8256
36    9    17285    0     8256
37    9    17618    0     8256
38    9    17960    0     8256
39    5    18155    0     8256
40    3    18275    0     8256


## Final Sample stats summary

     state  reads_raw  reads_passed_filter  clusters_total  clusters_hidepth  hetero_est  error_est  reads_consens  loci_in_assembly
A04      7    1586919              1354596          255588             39768    0.015178   0.005443          35729               760
A05      7    2617719              2339116          331944             59621    0.012932   0.005463          53245               889
A06      7    3196820              2725690          433221             71767    0.016239   0.005743          63390               883
A07      7    3500405              3057619          526662             80267    0.019906   0.006194          69857               920
A08      7    2758913              2374411          325405             61685    0.015254   0.005836          54539               890
A09      7    6118488              5133172          604552            103147    0.015201   0.005847          89581               929
A10      7    2624056              2258959          365660             55823    0.012764   0.005574          49865               820
A11      7    1341199              1067157          207376             33817    0.007249   0.003967          31780               433
A12      7    3465897              2913651          430651             69870    0.012652   0.006012          61893               744
B04      7    2450881              2097567          321410             58327    0.015697   0.005848          51867               892
B05      7    2073998              1758627          281635             50931    0.013821   0.005791          45577               904
B06      7    2802567              2437598          442601             68583    0.019632   0.006151          60200               905
B07      7    3080592              2717205          440459             68153    0.019529   0.005940          59783               907
B08      7    1725562              1406349          287094             43170    0.017203   0.006566          37714               766
B09      7    4049292              3453532          467963             71192    0.014924   0.006075          62043               889
B10      7    3158841              2674297          377393             69071    0.012123   0.005525          61476               867
B11      7    4522997              3922011          560064             88503    0.015289   0.005876          77341               890
B12      7     803051               649080          155237             21843    0.012700   0.005392          19938               602
C04      7    3795362              3239000          468097             76851    0.015423   0.005814          67733               931
C05      7    2000023              1698009          305337             50717    0.014130   0.006776          44904               884
C06      7    2935447              2534636          379253             63739    0.015188   0.005590          56418               855
C07      7    2603299              2220025          357759             57222    0.017700   0.005813          50553               891
C08      7    2475209              2165891          335661             59392    0.014470   0.005460          52794               855
C09      7    2719818              2279097          375238             62620    0.014979   0.005870          55495               916
C10      7    3175008              2817306          381959             56568    0.011300   0.005271          50728               828
C11      7    3084661              2629000          462136             69828    0.014581   0.006213          61729               871
C12      7    1040817               853382          198041             26448    0.011931   0.006017          23941               526
D03      7    2882929              2479207          453070             67108    0.011877   0.004950          61291               769
D04      7    3183276              2614294          399383             69325    0.014767   0.005574          61527               924
D05      7    1990582              1700466          331907             47491    0.014233   0.006115          42427               840
D06      7    2776506              2267258          427902             62817    0.029490   0.009585          47161               696
D07      7    2533610              2159762          321387             52129    0.014414   0.005471          46529               879
D08      7    4205186              3461111          462281             80462    0.015882   0.005588          70510               906
D09      7    4085512              3578700          547687             87378    0.014570   0.006064          76933               936
D10      7    2842575              2389990          328368             62359    0.011604   0.005399          55667               877
D12      7    3695182              3098038          482447             79233    0.015265   0.006097          69633               834
E03      7    1774507              1490846          289647             38595    0.012083   0.004867          35383               636
E04      7    4417062              3745268          520485             92926    0.015948   0.006243          80867               939
E05      7    2426229              1934368          307631             50800    0.013183   0.005594          45324               882
E06      7    1103238               959931          203692             31235    0.019638   0.007109          27511               672
E07      7    2048408              1705239          292027             44893    0.013436   0.005317          40448               796
E08      7    3874828              3155711          348144             61779    0.015643   0.005756          53231               859
E09      7    4280668              3601733          507466             83508    0.015340   0.005959          73350               930
E10      7    1014823               840613          193791             25028    0.012497   0.004495          23077               439
E11      7     858001               698927          169339             20269    0.014745   0.005809          18328               544
E12      7    2707996              2059749          357421             50985    0.017309   0.006927          44205               735
F04      7    3074553              2675881          457080             74522    0.014823   0.005968          66100               932
F05      7    2788467              2469712          462198             68567    0.015538   0.005964          60760               896
F06      7    2478691              2205969          352940             57152    0.014184   0.005295          51095               820
F07      7    4138931              3486057          424236             67179    0.014086   0.005357          59717               857
F08      7    1725993              1430919          230512             41150    0.013360   0.005474          36889               781
F09      7    2025575              1647712          264980             45323    0.017340   0.006940          39426               779
F10      7    2280041              1936489          321558             51068    0.013814   0.005448          45808               786
F11      7    1387216              1228741          262955             37426    0.015277   0.006735          32851               694
F12      7    3050504              2538559          423360             63130    0.016633   0.006430          54780               371
G04      7    2581888              2327776          412414             66345    0.013707   0.005940          58978               910
G05      7    5566383              4790820          653142            108301    0.016495   0.006161          93834               914
G06      7    4393871              3717786          551351             89626    0.015833   0.005623          79004               880
G07      7    1782859              1544180          274656             40781    0.013295   0.005319          36816               783
G08      7    4571388              3875516          468901             79850    0.013831   0.005679          69667               897
G09      7    2780450              2491433          467712             61897    0.013020   0.005993          55055               821
G10      7    2161071              1883830          350846             55015    0.014410   0.005497          49275               811
G11      7    3704800              3174028          456412             74897    0.015204   0.005654          66184               889
G12      7    2250037              2039141          357017             55131    0.011330   0.006201          49267               373
H03      7    3224769              2712761          373368             62628    0.015048   0.005378          55517               845
H04      7    3510826              2933298          471715             79234    0.014740   0.005883          70074               929
H05      7    2085754              1755329          301856             54408    0.015215   0.005490          48724               864
H06      7    3412852              2843398          454146             73373    0.020116   0.005787          64251               905
H07      7    1123664               915356          156225             23716    0.014644   0.005776          21165               647
H08      7    4306433              3727221          517760             88063    0.014011   0.005819          77520               928
H09      7    2001007              1671174          352452             46470    0.011284   0.004717          42629               708
H10      7    1550369              1362977          279717             39484    0.012184   0.005486          35871               723
H11      7    3911694              3256036          480300             74129    0.012811   0.006091          65400               738
H12      7    2909170              2301133          362117             55777    0.025046   0.009025          43463               353