

## The number of loci caught by each filter.
## ipyrad API location: [assembly].stats_dfs.s7_filters

                            total_filters  applied_order  retained_loci
total_prefiltered_loci             351990              0         351990
filtered_by_rm_duplicates           20717          20717         331273
filtered_by_max_indels              40555          40555         290718
filtered_by_max_snps                20786          11233         279485
filtered_by_max_shared_het           1746            351         279134
filtered_by_min_sample             322949         272098           7036
filtered_by_max_alleles             72505           3635           3401
total_filtered_loci                  3401              0           3401


## The number of loci recovered for each Sample.
## ipyrad API location: [assembly].stats_dfs.s7_samples

     sample_coverage
A04             1552
A05             2146
A06             2192
A07             2282
A08             2143
A09             2513
A10             1947
A11              767
A12             1621
B04             2097
B05             2194
B06             2156
B07             2155
B08             1730
B09             2245
B10             2137
B11             2389
B12             1049
C04             2379
C05             2133
C06             2037
C07             2013
C08             2001
C09             2374
C10             1891
C11             2172
C12              947
D03             1603
D04             2395
D05             2026
D06             1660
D07             1927
D08             2377
D09             2602
D10             2084
D12             2208
E03             1260
E04             2585
E05             2165
E06             1291
E07             1675
E08             1955
E09             2536
E10              833
E11              969
E12             1758
F04             2448
F05             2140
F06             1793
F07             2043
F08             1720
F09             1934
F10             1747
F11             1435
F12              624
G04             2340
G05             2406
G06             2291
G07             1641
G08             2306
G09             1972
G10             1870
G11             2227
G12              586
H03             1995
H04             2545
H05             2004
H06             2236
H07             1181
H08             2475
H09             1458
H10             1419
H11             1626
H12              603


## The number of loci for which N taxa have data.
## ipyrad API location: [assembly].stats_dfs.s7_loci

    locus_coverage  sum_coverage
1                0             0
2                0             0
3                0             0
4                0             0
5                0             0
6                0             0
7                0             0
8                0             0
9                0             0
10               0             0
11               0             0
12               0             0
13               0             0
14               0             0
15               0             0
16               0             0
17               0             0
18               0             0
19               0             0
20               0             0
21               0             0
22               0             0
23               0             0
24               0             0
25               0             0
26               0             0
27               0             0
28               0             0
29               0             0
30             309           309
31             243           552
32             239           791
33             233          1024
34             201          1225
35             177          1402
36             155          1557
37             141          1698
38             145          1843
39             137          1980
40             104          2084
41              90          2174
42              88          2262
43              79          2341
44              71          2412
45              73          2485
46              55          2540
47              58          2598
48              56          2654
49              55          2709
50              48          2757
51              42          2799
52              37          2836
53              42          2878
54              35          2913
55              40          2953
56              33          2986
57              35          3021
58              39          3060
59              22          3082
60              18          3100
61              32          3132
62              28          3160
63              20          3180
64              18          3198
65              27          3225
66              15          3240
67              26          3266
68              19          3285
69              20          3305
70              24          3329
71              19          3348
72              18          3366
73              13          3379
74              22          3401


## The distribution of SNPs (var and pis) per locus.
## var = Number of loci with n variable sites (pis + autapomorphies)
## pis = Number of loci with n parsimony informative site (minor allele in >1 sample)
## ipyrad API location: [assembly].stats_dfs.s7_snps

    var  sum_var  pis  sum_pis
0     6        0   78        0
1    22       22  132      132
2    42      106  166      464
3    32      202  203     1073
4    41      366  291     2237
5    64      686  300     3737
6    60     1046  354     5861
7    88     1662  283     7842
8    83     2326  298    10226
9   141     3595  232    12314
10  126     4855  225    14564
11  161     6626  181    16555
12  169     8654  136    18187
13  166    10812  112    19643
14  193    13514   82    20791
15  209    16649   73    21886
16  182    19561   66    22942
17  194    22859   41    23639
18  204    26531   27    24125
19  188    30103   20    24505
20  211    34323   32    25145
21   60    35583   18    25523
22   67    37057   15    25853
23   65    38552   10    26083
24   61    40016   11    26347
25   52    41316    5    26472
26   45    42486    5    26602
27   54    43944    2    26656
28   45    45204    0    26656
29   58    46886    1    26685
30   47    48296    1    26715
31   47    49753    0    26715
32   35    50873    1    26747
33   36    52061    0    26747
34   42    53489    0    26747
35   21    54224    0    26747
36   15    54764    0    26747
37   23    55615    0    26747
38   26    56603    0    26747
39   11    57032    0    26747
40    9    57392    0    26747


## Final Sample stats summary

     state  reads_raw  reads_passed_filter  clusters_total  clusters_hidepth  hetero_est  error_est  reads_consens  loci_in_assembly
A04      7    1586919              1354596          255588             39768    0.015178   0.005443          35729              1552
A05      7    2617719              2339116          331944             59621    0.012932   0.005463          53245              2146
A06      7    3196820              2725690          433221             71767    0.016239   0.005743          63390              2192
A07      7    3500405              3057619          526662             80267    0.019906   0.006194          69857              2282
A08      7    2758913              2374411          325405             61685    0.015254   0.005836          54539              2143
A09      7    6118488              5133172          604552            103147    0.015201   0.005847          89581              2513
A10      7    2624056              2258959          365660             55823    0.012764   0.005574          49865              1947
A11      7    1341199              1067157          207376             33817    0.007249   0.003967          31780               767
A12      7    3465897              2913651          430651             69870    0.012652   0.006012          61893              1621
B04      7    2450881              2097567          321410             58327    0.015697   0.005848          51867              2097
B05      7    2073998              1758627          281635             50931    0.013821   0.005791          45577              2194
B06      7    2802567              2437598          442601             68583    0.019632   0.006151          60200              2156
B07      7    3080592              2717205          440459             68153    0.019529   0.005940          59783              2155
B08      7    1725562              1406349          287094             43170    0.017203   0.006566          37714              1730
B09      7    4049292              3453532          467963             71192    0.014924   0.006075          62043              2245
B10      7    3158841              2674297          377393             69071    0.012123   0.005525          61476              2137
B11      7    4522997              3922011          560064             88503    0.015289   0.005876          77341              2389
B12      7     803051               649080          155237             21843    0.012700   0.005392          19938              1049
C04      7    3795362              3239000          468097             76851    0.015423   0.005814          67733              2379
C05      7    2000023              1698009          305337             50717    0.014130   0.006776          44904              2133
C06      7    2935447              2534636          379253             63739    0.015188   0.005590          56418              2037
C07      7    2603299              2220025          357759             57222    0.017700   0.005813          50553              2013
C08      7    2475209              2165891          335661             59392    0.014470   0.005460          52794              2001
C09      7    2719818              2279097          375238             62620    0.014979   0.005870          55495              2374
C10      7    3175008              2817306          381959             56568    0.011300   0.005271          50728              1891
C11      7    3084661              2629000          462136             69828    0.014581   0.006213          61729              2172
C12      7    1040817               853382          198041             26448    0.011931   0.006017          23941               947
D03      7    2882929              2479207          453070             67108    0.011877   0.004950          61291              1603
D04      7    3183276              2614294          399383             69325    0.014767   0.005574          61527              2395
D05      7    1990582              1700466          331907             47491    0.014233   0.006115          42427              2026
D06      7    2776506              2267258          427902             62817    0.029490   0.009585          47161              1660
D07      7    2533610              2159762          321387             52129    0.014414   0.005471          46529              1927
D08      7    4205186              3461111          462281             80462    0.015882   0.005588          70510              2377
D09      7    4085512              3578700          547687             87378    0.014570   0.006064          76933              2602
D10      7    2842575              2389990          328368             62359    0.011604   0.005399          55667              2084
D12      7    3695182              3098038          482447             79233    0.015265   0.006097          69633              2208
E03      7    1774507              1490846          289647             38595    0.012083   0.004867          35383              1260
E04      7    4417062              3745268          520485             92926    0.015948   0.006243          80867              2585
E05      7    2426229              1934368          307631             50800    0.013183   0.005594          45324              2165
E06      7    1103238               959931          203692             31235    0.019638   0.007109          27511              1291
E07      7    2048408              1705239          292027             44893    0.013436   0.005317          40448              1675
E08      7    3874828              3155711          348144             61779    0.015643   0.005756          53231              1955
E09      7    4280668              3601733          507466             83508    0.015340   0.005959          73350              2536
E10      7    1014823               840613          193791             25028    0.012497   0.004495          23077               833
E11      7     858001               698927          169339             20269    0.014745   0.005809          18328               969
E12      7    2707996              2059749          357421             50985    0.017309   0.006927          44205              1758
F04      7    3074553              2675881          457080             74522    0.014823   0.005968          66100              2448
F05      7    2788467              2469712          462198             68567    0.015538   0.005964          60760              2140
F06      7    2478691              2205969          352940             57152    0.014184   0.005295          51095              1793
F07      7    4138931              3486057          424236             67179    0.014086   0.005357          59717              2043
F08      7    1725993              1430919          230512             41150    0.013360   0.005474          36889              1720
F09      7    2025575              1647712          264980             45323    0.017340   0.006940          39426              1934
F10      7    2280041              1936489          321558             51068    0.013814   0.005448          45808              1747
F11      7    1387216              1228741          262955             37426    0.015277   0.006735          32851              1435
F12      7    3050504              2538559          423360             63130    0.016633   0.006430          54780               624
G04      7    2581888              2327776          412414             66345    0.013707   0.005940          58978              2340
G05      7    5566383              4790820          653142            108301    0.016495   0.006161          93834              2406
G06      7    4393871              3717786          551351             89626    0.015833   0.005623          79004              2291
G07      7    1782859              1544180          274656             40781    0.013295   0.005319          36816              1641
G08      7    4571388              3875516          468901             79850    0.013831   0.005679          69667              2306
G09      7    2780450              2491433          467712             61897    0.013020   0.005993          55055              1972
G10      7    2161071              1883830          350846             55015    0.014410   0.005497          49275              1870
G11      7    3704800              3174028          456412             74897    0.015204   0.005654          66184              2227
G12      7    2250037              2039141          357017             55131    0.011330   0.006201          49267               586
H03      7    3224769              2712761          373368             62628    0.015048   0.005378          55517              1995
H04      7    3510826              2933298          471715             79234    0.014740   0.005883          70074              2545
H05      7    2085754              1755329          301856             54408    0.015215   0.005490          48724              2004
H06      7    3412852              2843398          454146             73373    0.020116   0.005787          64251              2236
H07      7    1123664               915356          156225             23716    0.014644   0.005776          21165              1181
H08      7    4306433              3727221          517760             88063    0.014011   0.005819          77520              2475
H09      7    2001007              1671174          352452             46470    0.011284   0.004717          42629              1458
H10      7    1550369              1362977          279717             39484    0.012184   0.005486          35871              1419
H11      7    3911694              3256036          480300             74129    0.012811   0.006091          65400              1626
H12      7    2909170              2301133          362117             55777    0.025046   0.009025          43463               603