

## The number of loci caught by each filter.
## ipyrad API location: [assembly].stats_dfs.s7_filters

                            total_filters  applied_order  retained_loci
total_prefiltered_loci             334198              0         334198
filtered_by_rm_duplicates           20683          20683         313515
filtered_by_max_indels              40656          40656         272859
filtered_by_max_snps                 4176           2045         270814
filtered_by_max_shared_het            486            224         270590
filtered_by_min_sample             328804         269576           1014
filtered_by_max_alleles             67710            659            355
total_filtered_loci                   355              0            355


## The number of loci recovered for each Sample.
## ipyrad API location: [assembly].stats_dfs.s7_samples

     sample_coverage
A04              320
A05              332
A06              342
A07              341
A08              342
A09              335
A10              324
A11              216
A12              307
B04              342
B05              341
B06              345
B07              340
B08              324
B09              340
B10              340
B11              329
B12              280
C04              347
C05              335
C06              334
C07              346
C08              330
C09              342
C10              331
C11              338
C12              258
D03              321
D04              344
D05              334
D06              286
D07              337
D08              337
D09              339
D10              337
D12              318
E03              289
E04              344
E05              340
E06              303
E07              328
E08              335
E09              341
E10              212
E11              258
E12              308
F04              342
F05              338
F06              336
F07              329
F08              329
F09              324
F10              320
F11              310
F12              192
G04              342
G05              328
G06              335
G07              328
G08              331
G09              326
G10              323
G11              337
G12              203
H03              321
H04              344
H05              335
H06              336
H07              300
H08              338
H09              316
H10              312
H11              305
H12              189


## The number of loci for which N taxa have data.
## ipyrad API location: [assembly].stats_dfs.s7_loci

    locus_coverage  sum_coverage
1                0             0
2                0             0
3                0             0
4                0             0
5                0             0
6                0             0
7                0             0
8                0             0
9                0             0
10               0             0
11               0             0
12               0             0
13               0             0
14               0             0
15               0             0
16               0             0
17               0             0
18               0             0
19               0             0
20               0             0
21               0             0
22               0             0
23               0             0
24               0             0
25               0             0
26               0             0
27               0             0
28               0             0
29               0             0
30               0             0
31               0             0
32               0             0
33               0             0
34               0             0
35               0             0
36               0             0
37               0             0
38               0             0
39               0             0
40               0             0
41               0             0
42               0             0
43               0             0
44               0             0
45               0             0
46               0             0
47               0             0
48               0             0
49               0             0
50               0             0
51               0             0
52               0             0
53               0             0
54               0             0
55               0             0
56               0             0
57               0             0
58               0             0
59               0             0
60              31            31
61              21            52
62              33            85
63              26           111
64              22           133
65              21           154
66              25           179
67              26           205
68              25           230
69              26           256
70              30           286
71              21           307
72              16           323
73              14           337
74              18           355


## The distribution of SNPs (var and pis) per locus.
## var = Number of loci with n variable sites (pis + autapomorphies)
## pis = Number of loci with n parsimony informative site (minor allele in >1 sample)
## ipyrad API location: [assembly].stats_dfs.s7_snps

    var  sum_var  pis  sum_pis
0     8        0   31        0
1    12       12   25       25
2     8       28   15       55
3     9       55   17      106
4     7       83   36      250
5     8      123   26      380
6     6      159   35      590
7     8      215   23      751
8    10      295   33     1015
9    16      439   31     1294
10   10      539   17     1464
11   12      671   20     1684
12   15      851    8     1780
13   19     1098   10     1910
14   15     1308    7     2008
15   21     1623    7     2113
16   17     1895    2     2145
17   14     2133    2     2179
18   16     2421    2     2215
19   19     2782    2     2253
20   16     3102    1     2273
21    8     3270    1     2294
22    5     3380    1     2316
23    9     3587    0     2316
24    6     3731    2     2364
25    9     3956    0     2364
26    5     4086    0     2364
27    8     4302    0     2364
28    3     4386    0     2364
29    3     4473    0     2364
30    5     4623    0     2364
31    4     4747    0     2364
32    8     5003    0     2364
33    2     5069    0     2364
34    1     5103    0     2364
35    2     5173    1     2399
36    2     5245    0     2399
37    6     5467    0     2399
38    1     5505    0     2399
39    1     5544    0     2399
40    1     5584    0     2399


## Final Sample stats summary

     state  reads_raw  reads_passed_filter  clusters_total  clusters_hidepth  hetero_est  error_est  reads_consens  loci_in_assembly
A04      7    1586919              1354596          250616             39539    0.016007   0.005658          35188               320
A05      7    2617719              2339116          324310             59328    0.013904   0.005666          52383               332
A06      7    3196820              2725690          422976             70997    0.017236   0.005941          61982               342
A07      7    3500405              3057619          513337             79500    0.020899   0.006429          68256               341
A08      7    2758913              2374411          317362             61074    0.016398   0.006036          53393               342
A09      7    6118488              5133172          587082            102064    0.016235   0.006045          87463               335
A10      7    2624056              2258959          357288             55413    0.013389   0.005793          48955               324
A11      7    1341199              1067157          204788             33764    0.007502   0.004051          31593               216
A12      7    3465897              2913651          419913             69324    0.013713   0.006258          60756               307
B04      7    2450881              2097567          313905             57682    0.016564   0.006070          50694               342
B05      7    2073998              1758627          274987             50411    0.014618   0.006006          44648               341
B06      7    2802567              2437598          432407             67957    0.020601   0.006392          58880               345
B07      7    3080592              2717205          429976             67535    0.020514   0.006157          58519               340
B08      7    1725562              1406349          280755             42816    0.018240   0.006859          36922               324
B09      7    4049292              3453532          455757             70639    0.015896   0.006285          60881               340
B10      7    3158841              2674297          368596             68665    0.012762   0.005759          60426               340
B11      7    4522997              3922011          545681             87658    0.016364   0.006081          75726               329
B12      7     803051               649080          152716             21790    0.013672   0.005581          19663               280
C04      7    3795362              3239000          456290             76035    0.016510   0.006031          66184               347
C05      7    2000023              1698009          298478             50175    0.015198   0.006988          43879               335
C06      7    2935447              2534636          370266             63250    0.016092   0.005752          55309               334
C07      7    2603299              2220025          349466             56730    0.018558   0.006031          49608               346
C08      7    2475209              2165891          327920             59076    0.015350   0.005658          51942               330
C09      7    2719818              2279097          366592             62025    0.016013   0.006099          54267               342
C10      7    3175008              2817306          373540             56397    0.012184   0.005486          50111               331
C11      7    3084661              2629000          451203             69159    0.015560   0.006517          60396               338
C12      7    1040817               853382          194679             26300    0.012860   0.006243          23567               258
D03      7    2882929              2479207          444948             66837    0.012429   0.005105          60664               321
D04      7    3183276              2614294          389916             68583    0.015925   0.005781          60120               344
D05      7    1990582              1700466          324723             47031    0.015461   0.006363          41481               334
D06      7    2776506              2267258          415171             62304    0.030712   0.009939          45821               286
D07      7    2533610              2159762          314093             51727    0.015265   0.005642          45697               337
D08      7    4205186              3461111          450606             79787    0.017031   0.005804          68952               337
D09      7    4085512              3578700          533820             86398    0.015445   0.006328          75098               339
D10      7    2842575              2389990          320773             61909    0.012652   0.005643          54715               337
D12      7    3695182              3098038          469790             78180    0.016296   0.006430          67842               318
E03      7    1774507              1490846          284638             38447    0.012833   0.005029          34976               289
E04      7    4417062              3745268          506008             91720    0.017041   0.006492          78710               344
E05      7    2426229              1934368          300619             50373    0.014438   0.005794          44607               340
E06      7    1103238               959931          199183             30948    0.020784   0.007401          26887               303
E07      7    2048408              1705239          285737             44657    0.014180   0.005466          39860               328
E08      7    3874828              3155711          338659             61548    0.016402   0.005940          52458               335
E09      7    4280668              3601733          493971             82446    0.016456   0.006199          71483               341
E10      7    1014823               840613          190850             24982    0.013118   0.004668          22841               212
E11      7     858001               698927          166472             20159    0.015424   0.005997          18044               258
E12      7    2707996              2059749          348729             50337    0.018144   0.007137          43172               308
F04      7    3074553              2675881          446577             73661    0.016040   0.006175          64466               342
F05      7    2788467              2469712          452208             67863    0.016639   0.006147          59458               338
F06      7    2478691              2205969          345243             56940    0.014940   0.005442          50372               336
F07      7    4138931              3486057          413256             66722    0.015158   0.005567          58688               329
F08      7    1725993              1430919          225585             40860    0.013990   0.005689          36272               329
F09      7    2025575              1647712          258394             44888    0.018493   0.007203          38421               324
F10      7    2280041              1936489          314802             50729    0.014658   0.005590          45027               320
F11      7    1387216              1228741          257712             37315    0.016192   0.006919          32318               310
F12      7    3050504              2538559          413117             62434    0.017676   0.006724          53426               192
G04      7    2581888              2327776          403349             65765    0.014519   0.006174          57809               342
G05      7    5566383              4790820          634965            107033    0.017525   0.006372          91550               328
G06      7    4393871              3717786          537755             88905    0.016739   0.005835          77443               335
G07      7    1782859              1544180          269372             40642    0.014114   0.005411          36347               328
G08      7    4571388              3875516          455889             79225    0.014654   0.005873          68353               331
G09      7    2780450              2491433          457275             61353    0.013901   0.006181          53931               326
G10      7    2161071              1883830          343637             54592    0.015378   0.005689          48373               323
G11      7    3704800              3174028          445118             74156    0.016150   0.005819          64823               337
G12      7    2250037              2039141          349477             54602    0.011958   0.006406          48312               203
H03      7    3224769              2712761          364495             62118    0.016251   0.005492          54419               321
H04      7    3510826              2933298          460556             78312    0.015661   0.006099          68404               344
H05      7    2085754              1755329          295166             53888    0.016345   0.005690          47700               335
H06      7    3412852              2843398          442826             72728    0.021082   0.005987          62880               336
H07      7    1123664               915356          153235             23684    0.015339   0.005930          20957               300
H08      7    4306433              3727221          504594             87208    0.015131   0.006020          75799               338
H09      7    2001007              1671174          346095             46300    0.011751   0.004819          42166               316
H10      7    1550369              1362977          274769             39300    0.012933   0.005649          35402               312
H11      7    3911694              3256036          468178             73432    0.013695   0.006332          64052               305
H12      7    2909170              2301133          351277             55425    0.026040   0.009361          42414               189