

## The number of loci caught by each filter.
## ipyrad API location: [assembly].stats_dfs.s7_filters

                            total_filters  applied_order  retained_loci
total_prefiltered_loci             396037              0         396037
filtered_by_rm_duplicates           21961          21961         374076
filtered_by_max_indels              39252          39252         334824
filtered_by_max_snps                 2841           1610         333214
filtered_by_max_shared_het            729            421         332793
filtered_by_min_sample             392176         331901            892
filtered_by_max_alleles             80036            604            288
total_filtered_loci                   288              0            288


## The number of loci recovered for each Sample.
## ipyrad API location: [assembly].stats_dfs.s7_samples

     sample_coverage
A04              261
A05              278
A06              278
A07              275
A08              277
A09              276
A10              273
A11              167
A12              260
B04              278
B05              279
B06              282
B07              278
B08              259
B09              272
B10              275
B11              270
B12              230
C04              280
C05              274
C06              273
C07              284
C08              265
C09              275
C10              271
C11              276
C12              214
D03              262
D04              276
D05              274
D06              236
D07              279
D08              276
D09              277
D10              276
D12              258
E03              237
E04              285
E05              277
E06              249
E07              269
E08              269
E09              281
E10              172
E11              203
E12              241
F04              278
F05              277
F06              275
F07              276
F08              267
F09              258
F10              267
F11              261
F12              158
G04              281
G05              275
G06              275
G07              269
G08              272
G09              273
G10              266
G11              274
G12              171
H03              268
H04              281
H05              277
H06              278
H07              245
H08              275
H09              260
H10              257
H11              251
H12              149


## The number of loci for which N taxa have data.
## ipyrad API location: [assembly].stats_dfs.s7_loci

    locus_coverage  sum_coverage
1                0             0
2                0             0
3                0             0
4                0             0
5                0             0
6                0             0
7                0             0
8                0             0
9                0             0
10               0             0
11               0             0
12               0             0
13               0             0
14               0             0
15               0             0
16               0             0
17               0             0
18               0             0
19               0             0
20               0             0
21               0             0
22               0             0
23               0             0
24               0             0
25               0             0
26               0             0
27               0             0
28               0             0
29               0             0
30               0             0
31               0             0
32               0             0
33               0             0
34               0             0
35               0             0
36               0             0
37               0             0
38               0             0
39               0             0
40               0             0
41               0             0
42               0             0
43               0             0
44               0             0
45               0             0
46               0             0
47               0             0
48               0             0
49               0             0
50               0             0
51               0             0
52               0             0
53               0             0
54               0             0
55               0             0
56               0             0
57               0             0
58               0             0
59               0             0
60              18            18
61              24            42
62              23            65
63              21            86
64              16           102
65              14           116
66              16           132
67              16           148
68              19           167
69              18           185
70              27           212
71              19           231
72              20           251
73              15           266
74              22           288


## The distribution of SNPs (var and pis) per locus.
## var = Number of loci with n variable sites (pis + autapomorphies)
## pis = Number of loci with n parsimony informative site (minor allele in >1 sample)
## ipyrad API location: [assembly].stats_dfs.s7_snps

    var  sum_var  pis  sum_pis
0     8        0   33        0
1    14       14   30       30
2    13       40   13       56
3     8       64   14       98
4     7       92   24      194
5     9      137   18      284
6    10      197   20      404
7     3      218   16      516
8     6      266   19      668
9    12      374   18      830
10    5      424   15      980
11   12      556   20     1200
12    9      664    8     1296
13    9      781   12     1452
14    2      809   10     1592
15   15     1034    9     1727
16    7     1146    0     1727
17   11     1333    2     1761
18   15     1603    2     1797
19   15     1888    1     1816
20   12     2128    1     1836
21    6     2254    1     1857
22    4     2342    1     1879
23    8     2526    0     1879
24   10     2766    1     1903
25    9     2991    0     1903
26    5     3121    0     1903
27    7     3310    0     1903
28    4     3422    0     1903
29    5     3567    0     1903
30    6     3747    0     1903
31    3     3840    0     1903
32    8     4096    0     1903
33    1     4129    0     1903
34    1     4163    0     1903
35    2     4233    0     1903
36    0     4233    0     1903
37    6     4455    0     1903
38    1     4493    0     1903


## Final Sample stats summary

     state  reads_raw  reads_passed_filter  clusters_total  clusters_hidepth  hetero_est  error_est  reads_consens  loci_in_assembly
A04      7    1586919              1354596          270749             40214    0.012447   0.004901          37114               261
A05      7    2617719              2339116          356686             60039    0.010453   0.004873          55135               278
A06      7    3196820              2725690          465098             73304    0.013415   0.005110          66952               278
A07      7    3500405              3057619          567863             81646    0.017096   0.005461          73582               275
A08      7    2758913              2374411          351411             62865    0.012717   0.005173          57304               277
A09      7    6118488              5133172          660226            105123    0.012167   0.005078          94668               276
A10      7    2624056              2258959          390780             56486    0.010193   0.005069          51964               273
A11      7    1341199              1067157          215408             33751    0.005731   0.003677          32184               167
A12      7    3465897              2913651          464949             71016    0.010531   0.005229          64682               260
B04      7    2450881              2097567          345778             59419    0.013061   0.005112          54468               278
B05      7    2073998              1758627          302459             51649    0.011241   0.005101          47687               279
B06      7    2802567              2437598          473622             69799    0.017124   0.005431          63289               282
B07      7    3080592              2717205          473686             69324    0.017064   0.005352          62851               278
B08      7    1725562              1406349          306927             43714    0.014166   0.005824          39522               259
B09      7    4049292              3453532          506291             72110    0.012313   0.005463          64947               272
B10      7    3158841              2674297          405995             69827    0.009286   0.004895          64111               275
B11      7    4522997              3922011          605003             90101    0.012639   0.005190          81361               270
B12      7     803051               649080          162676             21814    0.010499   0.004853          20392               230
C04      7    3795362              3239000          504332             78368    0.012783   0.005097          71443               280
C05      7    2000023              1698009          327472             51717    0.011481   0.005975          47225               274
C06      7    2935447              2534636          407813             64547    0.012673   0.004975          58965               273
C07      7    2603299              2220025          383801             57956    0.015156   0.005124          52853               284
C08      7    2475209              2165891          360650             59913    0.011725   0.004899          54915               265
C09      7    2719818              2279097          402440             63725    0.012175   0.005146          58289               275
C10      7    3175008              2817306          408320             56829    0.009286   0.004841          52259               271
C11      7    3084661              2629000          495037             71154    0.011771   0.005522          64984               276
C12      7    1040817               853382          208583             26562    0.009706   0.005189          24705               214
D03      7    2882929              2479207          478116             67331    0.010175   0.004501          62798               262
D04      7    3183276              2614294          429571             70729    0.011967   0.004860          64944               276
D05      7    1990582              1700466          353026             48377    0.011555   0.005302          44625               274
D06      7    2776506              2267258          474246             63278    0.025249   0.008461          50351               236
D07      7    2533610              2159762          344243             52678    0.011979   0.004819          48388               279
D08      7    4205186              3461111          500441             81747    0.013077   0.004934          74148               276
D09      7    4085512              3578700          590130             89259    0.011781   0.005330          81239               277
D10      7    2842575              2389990          352741             63156    0.009576   0.004799          58087               276
D12      7    3695182              3098038          520837             81120    0.012283   0.005351          73835               258
E03      7    1774507              1490846          304885             38825    0.010283   0.004481          36300               237
E04      7    4417062              3745268          566713             95267    0.012934   0.005473          86118               285
E05      7    2426229              1934368          329312             51362    0.010815   0.004968          47371               277
E06      7    1103238               959931          217344             31673    0.017124   0.006213          28846               249
E07      7    2048408              1705239          310827             45103    0.011072   0.004680          41654               269
E08      7    3874828              3155711          380329             61857    0.013125   0.005154          55086               269
E09      7    4280668              3601733          549900             85697    0.012714   0.005202          77827               281
E10      7    1014823               840613          202661             25047    0.010732   0.004034          23515               172
E11      7     858001               698927          177329             20406    0.012531   0.005156          18902               203
E12      7    2707996              2059749          384579             51827    0.014101   0.006025          46591               241
F04      7    3074553              2675881          489454             76570    0.012217   0.005289          70057               278
F05      7    2788467              2469712          492590             69899    0.012936   0.005272          63911               277
F06      7    2478691              2205969          377662             57445    0.012276   0.004757          52661               275
F07      7    4138931              3486057          459102             67883    0.012003   0.004797          62006               276
F08      7    1725993              1430919          246754             41496    0.010621   0.004896          38314               267
F09      7    2025575              1647712          287137             46189    0.014324   0.006083          41604               258
F10      7    2280041              1936489          342309             51773    0.011477   0.004846          47709               267
F11      7    1387216              1228741          279829             37650    0.013071   0.006022          34008               261
F12      7    3050504              2538559          454430             64353    0.013780   0.005657          57869               158
G04      7    2581888              2327776          440361             67551    0.010982   0.005332          61954               281
G05      7    5566383              4790820          711321            110748    0.013567   0.005448          99475               275
G06      7    4393871              3717786          594581             91025    0.013240   0.005000          82828               275
G07      7    1782859              1544180          290969             41094    0.011222   0.004751          38114               269
G08      7    4571388              3875516          509720             80696    0.011005   0.005058          72898               272
G09      7    2780450              2491433          498217             62986    0.011186   0.005767          57632               273
G10      7    2161071              1883830          373667             55972    0.012216   0.004933          51521               266
G11      7    3704800              3174028          492487             76043    0.012838   0.005022          69346               274
G12      7    2250037              2039141          380128             56237    0.008781   0.005437          51733               171
H03      7    3224769              2712761          401045             63471    0.012596   0.004781          58019               268
H04      7    3510826              2933298          506811             80992    0.012179   0.005113          74069               281
H05      7    2085754              1755329          322375             55235    0.012662   0.004917          50966               277
H06      7    3412852              2843398          489203             74537    0.017256   0.005185          67609               278
H07      7    1123664               915356          166512             23564    0.012238   0.005285          21588               245
H08      7    4306433              3727221          559712             89624    0.011317   0.005126          81751               275
H09      7    2001007              1671174          370650             46594    0.009404   0.004325          43663               260
H10      7    1550369              1362977          294826             39706    0.010222   0.004834          36936               257
H11      7    3911694              3256036          517650             75350    0.010508   0.005406          68591               251
H12      7    2909170              2301133          400934             56081    0.021830   0.008026          45901               149