

## The number of loci caught by each filter.
## ipyrad API location: [assembly].stats_dfs.s7_filters

                            total_filters  applied_order  retained_loci
total_prefiltered_loci             484049              0         484049
filtered_by_rm_duplicates           23968          23968         460081
filtered_by_max_indels             109856         109856         350225
filtered_by_max_snps                12163           7314         342911
filtered_by_max_shared_het           1227            428         342483
filtered_by_min_sample             463383         334357           8126
filtered_by_max_alleles             87432           4278           3848
total_filtered_loci                  3848              0           3848


## The number of loci recovered for each Sample.
## ipyrad API location: [assembly].stats_dfs.s7_samples

     sample_coverage
A04             1752
A05             2426
A06             2412
A07             2495
A08             2413
A09             2689
A10             2082
A11              821
A12             1707
B04             2322
B05             2423
B06             2381
B07             2333
B08             1926
B09             2373
B10             2365
B11             2539
B12             1139
C04             2537
C05             2351
C06             2246
C07             2189
C08             2296
C09             2566
C10             2027
C11             2318
C12              973
D03             1745
D04             2587
D05             2179
D06             1742
D07             2124
D08             2616
D09             2786
D10             2323
D12             2435
E03             1322
E04             2775
E05             2370
E06             1428
E07             1877
E08             2102
E09             2693
E10              850
E11              997
E12             1918
F04             2632
F05             2293
F06             2002
F07             2167
F08             1865
F09             2079
F10             1939
F11             1640
F12              565
G04             2555
G05             2589
G06             2474
G07             1837
G08             2418
G09             2074
G10             2055
G11             2412
G12              560
H03             2174
H04             2771
H05             2199
H06             2482
H07             1333
H08             2658
H09             1528
H10             1515
H11             1723
H12              536


## The number of loci for which N taxa have data.
## ipyrad API location: [assembly].stats_dfs.s7_loci

    locus_coverage  sum_coverage
1                0             0
2                0             0
3                0             0
4                0             0
5                0             0
6                0             0
7                0             0
8                0             0
9                0             0
10               0             0
11               0             0
12               0             0
13               0             0
14               0             0
15               0             0
16               0             0
17               0             0
18               0             0
19               0             0
20               0             0
21               0             0
22               0             0
23               0             0
24               0             0
25               0             0
26               0             0
27               0             0
28               0             0
29               0             0
30             417           417
31             314           731
32             295          1026
33             293          1319
34             245          1564
35             223          1787
36             206          1993
37             171          2164
38             150          2314
39             140          2454
40             130          2584
41             124          2708
42              94          2802
43             104          2906
44              81          2987
45              78          3065
46              62          3127
47              55          3182
48              53          3235
49              55          3290
50              42          3332
51              39          3371
52              36          3407
53              34          3441
54              33          3474
55              25          3499
56              36          3535
57              27          3562
58              23          3585
59              15          3600
60              18          3618
61              21          3639
62              14          3653
63              23          3676
64              17          3693
65              11          3704
66              17          3721
67              19          3740
68              17          3757
69              20          3777
70              19          3796
71              18          3814
72               9          3823
73              12          3835
74              13          3848


## The distribution of SNPs (var and pis) per locus.
## var = Number of loci with n variable sites (pis + autapomorphies)
## pis = Number of loci with n parsimony informative site (minor allele in >1 sample)
## ipyrad API location: [assembly].stats_dfs.s7_snps

    var  sum_var  pis  sum_pis
0    20        0  126        0
1    33       33  204      204
2    43      119  195      594
3    52      275  260     1374
4    56      499  324     2670
5    72      859  332     4330
6    89     1393  343     6388
7   116     2205  304     8516
8   126     3213  315    11036
9   151     4572  243    13223
10  133     5902  236    15583
11  164     7706  196    17739
12  160     9626  160    19659
13  193    12135  127    21310
14  179    14641  112    22878
15  207    17746   84    24138
16  213    21154   75    25338
17  211    24741   45    26103
18  240    29061   53    27057
19  194    32747   24    27513
20  212    36987   25    28013
21   98    39045   30    28643
22   56    40277   14    28951
23   84    42209    7    29112
24   70    43889    5    29232
25   73    45714    0    29232
26   65    47404    3    29310
27   69    49267    1    29337
28   78    51451    0    29337
29   65    53336    3    29424
30   59    55106    2    29484
31   52    56718    0    29484
32   37    57902    0    29484
33   45    59387    0    29484
34   28    60339    0    29484
35   26    61249    0    29484
36   23    62077    0    29484
37   21    62854    0    29484
38   21    63652    0    29484
39    8    63964    0    29484
40    6    64204    0    29484


## Final Sample stats summary

     state  reads_raw  reads_passed_filter  clusters_total  clusters_hidepth  hetero_est  error_est  reads_consens  loci_in_assembly
A04      7    1586919              1354596          302552             41061    0.009019   0.003982          39184              1752
A05      7    2617719              2339116          409131             60751    0.007437   0.003919          57765              2426
A06      7    3196820              2725690          530378             76007    0.009620   0.003996          72212              2412
A07      7    3500405              3057619          652338             84836    0.013222   0.004321          79844              2495
A08      7    2758913              2374411          407836             64707    0.008951   0.004057          61307              2413
A09      7    6118488              5133172          776968            107495    0.008894   0.003963         101396              2689
A10      7    2624056              2258959          440904             57714    0.007548   0.003850          54939              2082
A11      7    1341199              1067157          232585             33660    0.003934   0.002975          32713               821
A12      7    3465897              2913651          535801             72674    0.008823   0.004139          68768              1707
B04      7    2450881              2097567          396489             61218    0.009259   0.004048          58277              2322
B05      7    2073998              1758627          344311             52975    0.007751   0.004034          50580              2423
B06      7    2802567              2437598          538447             72138    0.013164   0.004347          68037              2381
B07      7    3080592              2717205          543820             71654    0.013303   0.004234          67533              2333
B08      7    1725562              1406349          348763             44280    0.009547   0.004536          41816              1926
B09      7    4049292              3453532          587988             73099    0.009353   0.004221          68682              2373
B10      7    3158841              2674297          465070             70618    0.006248   0.003847          67388              2365
B11      7    4522997              3922011          698010             92327    0.009213   0.004038          87087              2539
B12      7     803051               649080          177934             21771    0.007523   0.003907          20879              1139
C04      7    3795362              3239000          579504             80948    0.009324   0.004011          76715              2537
C05      7    2000023              1698009          373276             53125    0.008056   0.004637          50375              2351
C06      7    2935447              2534636          468014             65956    0.009344   0.003918          62543              2246
C07      7    2603299              2220025          438844             59188    0.011400   0.004027          56104              2189
C08      7    2475209              2165891          412973             60617    0.008152   0.003866          57699              2296
C09      7    2719818              2279097          457914             65601    0.008398   0.004057          62444              2566
C10      7    3175008              2817306          463979             57213    0.006884   0.003911          54342              2027
C11      7    3084661              2629000          560016             73489    0.008614   0.004323          69667              2318
C12      7    1040817               853382          228465             26839    0.007173   0.004212          25695               973
D03      7    2882929              2479207          529252             68115    0.007935   0.003627          65104              1745
D04      7    3183276              2614294          490553             73081    0.008390   0.003796          69761              2587
D05      7    1990582              1700466          393361             49891    0.008823   0.004139          47603              2179
D06      7    2776506              2267258          592066             60481    0.016537   0.006422          53471              1742
D07      7    2533610              2159762          392819             53456    0.008577   0.003794          50935              2124
D08      7    4205186              3461111          582059             83846    0.009141   0.003846          79453              2616
D09      7    4085512              3578700          676287             92233    0.008823   0.004139          87391              2786
D10      7    2842575              2389990          404021             64100    0.006117   0.003825          61195              2323
D12      7    3695182              3098038          598153             84259    0.008823   0.004139          80060              2435
E03      7    1774507              1490846          335478             39547    0.008150   0.003568          37907              1322
E04      7    4417062              3745268          662604             98921    0.008720   0.004271          93505              2775
E05      7    2426229              1934368          373135             52338    0.007930   0.003881          49916              2370
E06      7    1103238               959931          245706             32116    0.012768   0.004843          30566              1428
E07      7    2048408              1705239          348874             45682    0.008136   0.003705          43580              1877
E08      7    3874828              3155711          455751             61073    0.009375   0.004050          57088              2102
E09      7    4280668              3601733          636969             89234    0.009150   0.004019          84439              2693
E10      7    1014823               840613          220290             25337    0.008574   0.003285          24336               850
E11      7     858001               698927          192986             20424    0.009403   0.004227          19504               997
E12      7    2707996              2059749          441264             52660    0.009997   0.004636          49487              1918
F04      7    3074553              2675881          554592             79906    0.008823   0.004139          76116              2632
F05      7    2788467              2469712          553410             72289    0.009611   0.004245          68606              2293
F06      7    2478691              2205969          429037             58193    0.008954   0.003822          55320              2002
F07      7    4138931              3486057          532626             69256    0.009200   0.003707          65560              2167
F08      7    1725993              1430919          280597             42008    0.007318   0.003845          40193              1865
F09      7    2025575              1647712          334645             47097    0.009554   0.004627          44438              2079
F10      7    2280041              1936489          385781             52886    0.008275   0.003840          50359              1939
F11      7    1387216              1228741          315674             37658    0.009310   0.004861          35417              1640
F12      7    3050504              2538559          519485             66117    0.009615   0.004415          62221               565
G04      7    2581888              2327776          496661             69696    0.008350   0.004246          66160              2555
G05      7    5566383              4790820          832861            114462    0.009940   0.004231         107591              2589
G06      7    4393871              3717786          684000             93396    0.009731   0.003902          88413              2474
G07      7    1782859              1544180          324793             41614    0.008170   0.003780          39762              1837
G08      7    4571388              3875516          596593             81595    0.007857   0.003895          77000              2418
G09      7    2780450              2491433          556898             65194    0.008386   0.004415          61674              2074
G10      7    2161071              1883830          419804             57376    0.008869   0.003933          54750              2055
G11      7    3704800              3174028          566080             78040    0.009222   0.003924          74020              2412
G12      7    2250037              2039141          425793             57844    0.005879   0.004314          55021               560
H03      7    3224769              2712761          460226             64718    0.008963   0.003720          61436              2174
H04      7    3510826              2933298          578533             83660    0.008406   0.004007          79682              2771
H05      7    2085754              1755329          365029             56665    0.009078   0.003832          54181              2199
H06      7    3412852              2843398          562728             76838    0.013291   0.004042          72672              2482
H07      7    1123664               915356          190151             23257    0.008823   0.004139          21933              1333
H08      7    4306433              3727221          645329             92176    0.008099   0.004013          87536              2658
H09      7    2001007              1671174          406152             47403    0.007629   0.003486          45444              1528
H10      7    1550369              1362977          325594             40323    0.007511   0.003864          38551              1515
H11      7    3911694              3256036          593421             77000    0.008033   0.004236          72770              1723
H12      7    2909170              2301133          499265             55007    0.015858   0.006185          48944               536