clust_82_80   A04      7    1586919              1354596          224997             39021    0.022984   0.007740          32770               296
clust_82_80   A05      7    2617719              2339116          285408             58695    0.020518   0.007073          49047               311
clust_82_80   A06      7    3196820              2725690          369899             69062    0.026653   0.008110          55994               313
clust_82_80   A07      7    3500405              3057619          446289             78057    0.030037   0.008577          62336               320
clust_82_80   A08      7    2758913              2374411          276741             59123    0.024248   0.008151          48443               309
clust_82_80   A09      7    6118488              5133172          497207            100054    0.026506   0.007964          78963               310
clust_82_80   A10      7    2624056              2258959          314458             55455    0.023369   0.007561          45524               306
clust_82_80   A11      7    1341199              1067157          191978             34490    0.012703   0.004849          31092               198
clust_82_80   A12      7    3465897              2913651          364091             68013    0.022916   0.008188          55461               282
clust_85_80   A04      7    1586919              1354596          235347             38742    0.018843   0.006202          33569               327
clust_85_80   A05      7    2617719              2339116          300852             58331    0.016608   0.006092          50094               348
clust_85_80   A06      7    3196820              2725690          390792             68615    0.020684   0.006614          58100               351
clust_85_80   A07      7    3500405              3057619          472944             77210    0.024080   0.007078          64221               349
clust_85_80   A08      7    2758913              2374411          292784             59154    0.019446   0.006680          50293               345
clust_85_80   A09      7    6118488              5133172          532203             98690    0.019546   0.006711          81786               348
clust_85_80   A10      7    2624056              2258959          331070             53978    0.016338   0.006290          46529               338
clust_85_80   A11      7    1341199              1067157          196878             33761    0.009048   0.004447          31140               220
clust_85_80   A12      7    3465897              2913651          386393             67349    0.016586   0.006885          57399               318
