

## The number of loci caught by each filter.
## ipyrad API location: [assembly].stats_dfs.s7_filters

                            total_filters  applied_order  retained_loci
total_prefiltered_loci             396037              0         396037
filtered_by_rm_duplicates           21961          21961         374076
filtered_by_max_indels              38215          38215         335861
filtered_by_max_snps                18019          10637         325224
filtered_by_max_shared_het           1856            473         324751
filtered_by_min_sample             369391         317100           7651
filtered_by_max_alleles             80036           3984           3667
total_filtered_loci                  3667              0           3667


## The number of loci recovered for each Sample.
## ipyrad API location: [assembly].stats_dfs.s7_samples

     sample_coverage
A04             1671
A05             2318
A06             2338
A07             2401
A08             2324
A09             2626
A10             2020
A11              807
A12             1721
B04             2213
B05             2345
B06             2302
B07             2235
B08             1846
B09             2323
B10             2255
B11             2479
B12             1100
C04             2512
C05             2303
C06             2161
C07             2100
C08             2155
C09             2524
C10             1956
C11             2283
C12             1008
D03             1626
D04             2529
D05             2132
D06             1777
D07             2045
D08             2534
D09             2755
D10             2170
D12             2329
E03             1321
E04             2744
E05             2312
E06             1350
E07             1806
E08             2047
E09             2653
E10              842
E11             1020
E12             1858
F04             2579
F05             2234
F06             1859
F07             2155
F08             1830
F09             2059
F10             1860
F11             1526
F12              661
G04             2489
G05             2522
G06             2403
G07             1752
G08             2424
G09             2029
G10             1975
G11             2331
G12              600
H03             2114
H04             2702
H05             2121
H06             2337
H07             1280
H08             2600
H09             1481
H10             1466
H11             1730
H12              608


## The number of loci for which N taxa have data.
## ipyrad API location: [assembly].stats_dfs.s7_loci

    locus_coverage  sum_coverage
1                0             0
2                0             0
3                0             0
4                0             0
5                0             0
6                0             0
7                0             0
8                0             0
9                0             0
10               0             0
11               0             0
12               0             0
13               0             0
14               0             0
15               0             0
16               0             0
17               0             0
18               0             0
19               0             0
20               0             0
21               0             0
22               0             0
23               0             0
24               0             0
25               0             0
26               0             0
27               0             0
28               0             0
29               0             0
30             364           364
31             294           658
32             269           927
33             267          1194
34             218          1412
35             208          1620
36             182          1802
37             158          1960
38             140          2100
39             144          2244
40             117          2361
41             115          2476
42              76          2552
43              96          2648
44              83          2731
45              73          2804
46              59          2863
47              68          2931
48              44          2975
49              58          3033
50              50          3083
51              38          3121
52              45          3166
53              35          3201
54              33          3234
55              37          3271
56              31          3302
57              28          3330
58              32          3362
59              20          3382
60              18          3400
61              24          3424
62              22          3446
63              21          3467
64              16          3483
65              14          3497
66              16          3513
67              16          3529
68              19          3548
69              17          3565
70              26          3591
71              19          3610
72              20          3630
73              15          3645
74              22          3667


## The distribution of SNPs (var and pis) per locus.
## var = Number of loci with n variable sites (pis + autapomorphies)
## pis = Number of loci with n parsimony informative site (minor allele in >1 sample)
## ipyrad API location: [assembly].stats_dfs.s7_snps

    var  sum_var  pis  sum_pis
0    13        0   93        0
1    25       25  162      162
2    48      121  218      598
3    41      244  238     1312
4    61      488  313     2564
5    53      753  328     4204
6    89     1287  346     6280
7   102     2001  305     8415
8   106     2849  299    10807
9   148     4181  252    13075
10  149     5671  230    15375
11  158     7409  176    17311
12  191     9701  139    18979
13  169    11898  118    20513
14  194    14614   90    21773
15  211    17779   79    22958
16  184    20723   73    24126
17  198    24089   47    24925
18  205    27779   28    25429
19  189    31370   31    26018
20  221    35790   29    26598
21   79    37449   22    27060
22   75    39099   14    27368
23   67    40640   13    27667
24   67    42248   12    27955
25   57    43673    4    28055
26   52    45025    5    28185
27   56    46537    1    28212
28   61    48245    0    28212
29   59    49956    0    28212
30   60    51756    1    28242
31   47    53213    0    28242
32   44    54621    1    28274
33   38    55875    0    28274
34   38    57167    0    28274
35   30    58217    0    28274
36   21    58973    0    28274
37   26    59935    0    28274
38   20    60695    0    28274
39   10    61085    0    28274
40    5    61285    0    28274


## Final Sample stats summary

     state  reads_raw  reads_passed_filter  clusters_total  clusters_hidepth  hetero_est  error_est  reads_consens  loci_in_assembly
A04      7    1586919              1354596          270749             40214    0.012447   0.004901          37114              1671
A05      7    2617719              2339116          356686             60039    0.010453   0.004873          55135              2318
A06      7    3196820              2725690          465098             73304    0.013415   0.005110          66952              2338
A07      7    3500405              3057619          567863             81646    0.017096   0.005461          73582              2401
A08      7    2758913              2374411          351411             62865    0.012717   0.005173          57304              2324
A09      7    6118488              5133172          660226            105123    0.012167   0.005078          94668              2626
A10      7    2624056              2258959          390780             56486    0.010193   0.005069          51964              2020
A11      7    1341199              1067157          215408             33751    0.005731   0.003677          32184               807
A12      7    3465897              2913651          464949             71016    0.010531   0.005229          64682              1721
B04      7    2450881              2097567          345778             59419    0.013061   0.005112          54468              2213
B05      7    2073998              1758627          302459             51649    0.011241   0.005101          47687              2345
B06      7    2802567              2437598          473622             69799    0.017124   0.005431          63289              2302
B07      7    3080592              2717205          473686             69324    0.017064   0.005352          62851              2235
B08      7    1725562              1406349          306927             43714    0.014166   0.005824          39522              1846
B09      7    4049292              3453532          506291             72110    0.012313   0.005463          64947              2323
B10      7    3158841              2674297          405995             69827    0.009286   0.004895          64111              2255
B11      7    4522997              3922011          605003             90101    0.012639   0.005190          81361              2479
B12      7     803051               649080          162676             21814    0.010499   0.004853          20392              1100
C04      7    3795362              3239000          504332             78368    0.012783   0.005097          71443              2512
C05      7    2000023              1698009          327472             51717    0.011481   0.005975          47225              2303
C06      7    2935447              2534636          407813             64547    0.012673   0.004975          58965              2161
C07      7    2603299              2220025          383801             57956    0.015156   0.005124          52853              2100
C08      7    2475209              2165891          360650             59913    0.011725   0.004899          54915              2155
C09      7    2719818              2279097          402440             63725    0.012175   0.005146          58289              2524
C10      7    3175008              2817306          408320             56829    0.009286   0.004841          52259              1956
C11      7    3084661              2629000          495037             71154    0.011771   0.005522          64984              2283
C12      7    1040817               853382          208583             26562    0.009706   0.005189          24705              1008
D03      7    2882929              2479207          478116             67331    0.010175   0.004501          62798              1626
D04      7    3183276              2614294          429571             70729    0.011967   0.004860          64944              2529
D05      7    1990582              1700466          353026             48377    0.011555   0.005302          44625              2132
D06      7    2776506              2267258          474246             63278    0.025249   0.008461          50351              1777
D07      7    2533610              2159762          344243             52678    0.011979   0.004819          48388              2045
D08      7    4205186              3461111          500441             81747    0.013077   0.004934          74148              2534
D09      7    4085512              3578700          590130             89259    0.011781   0.005330          81239              2755
D10      7    2842575              2389990          352741             63156    0.009576   0.004799          58087              2170
D12      7    3695182              3098038          520837             81120    0.012283   0.005351          73835              2329
E03      7    1774507              1490846          304885             38825    0.010283   0.004481          36300              1321
E04      7    4417062              3745268          566713             95267    0.012934   0.005473          86118              2744
E05      7    2426229              1934368          329312             51362    0.010815   0.004968          47371              2312
E06      7    1103238               959931          217344             31673    0.017124   0.006213          28846              1350
E07      7    2048408              1705239          310827             45103    0.011072   0.004680          41654              1806
E08      7    3874828              3155711          380329             61857    0.013125   0.005154          55086              2047
E09      7    4280668              3601733          549900             85697    0.012714   0.005202          77827              2653
E10      7    1014823               840613          202661             25047    0.010732   0.004034          23515               842
E11      7     858001               698927          177329             20406    0.012531   0.005156          18902              1020
E12      7    2707996              2059749          384579             51827    0.014101   0.006025          46591              1858
F04      7    3074553              2675881          489454             76570    0.012217   0.005289          70057              2579
F05      7    2788467              2469712          492590             69899    0.012936   0.005272          63911              2234
F06      7    2478691              2205969          377662             57445    0.012276   0.004757          52661              1859
F07      7    4138931              3486057          459102             67883    0.012003   0.004797          62006              2155
F08      7    1725993              1430919          246754             41496    0.010621   0.004896          38314              1830
F09      7    2025575              1647712          287137             46189    0.014324   0.006083          41604              2059
F10      7    2280041              1936489          342309             51773    0.011477   0.004846          47709              1860
F11      7    1387216              1228741          279829             37650    0.013071   0.006022          34008              1526
F12      7    3050504              2538559          454430             64353    0.013780   0.005657          57869               661
G04      7    2581888              2327776          440361             67551    0.010982   0.005332          61954              2489
G05      7    5566383              4790820          711321            110748    0.013567   0.005448          99475              2522
G06      7    4393871              3717786          594581             91025    0.013240   0.005000          82828              2403
G07      7    1782859              1544180          290969             41094    0.011222   0.004751          38114              1752
G08      7    4571388              3875516          509720             80696    0.011005   0.005058          72898              2424
G09      7    2780450              2491433          498217             62986    0.011186   0.005767          57632              2029
G10      7    2161071              1883830          373667             55972    0.012216   0.004933          51521              1975
G11      7    3704800              3174028          492487             76043    0.012838   0.005022          69346              2331
G12      7    2250037              2039141          380128             56237    0.008781   0.005437          51733               600
H03      7    3224769              2712761          401045             63471    0.012596   0.004781          58019              2114
H04      7    3510826              2933298          506811             80992    0.012179   0.005113          74069              2702
H05      7    2085754              1755329          322375             55235    0.012662   0.004917          50966              2121
H06      7    3412852              2843398          489203             74537    0.017256   0.005185          67609              2337
H07      7    1123664               915356          166512             23564    0.012238   0.005285          21588              1280
H08      7    4306433              3727221          559712             89624    0.011317   0.005126          81751              2600
H09      7    2001007              1671174          370650             46594    0.009404   0.004325          43663              1481
H10      7    1550369              1362977          294826             39706    0.010222   0.004834          36936              1466
H11      7    3911694              3256036          517650             75350    0.010508   0.005406          68591              1730
H12      7    2909170              2301133          400934             56081    0.021830   0.008026          45901               608