

## The number of loci caught by each filter.
## ipyrad API location: [assembly].stats_dfs.s7_filters

                            total_filters  applied_order  retained_loci
total_prefiltered_loci             484049              0         484049
filtered_by_rm_duplicates           23968          23968         460081
filtered_by_max_indels             114116         114116         345965
filtered_by_max_snps                 5154           3064         342901
filtered_by_max_shared_het            742            371         342530
filtered_by_min_sample             476078         339796           2734
filtered_by_max_alleles             87432           1788            946
total_filtered_loci                   946              0            946


## The number of loci recovered for each Sample.
## ipyrad API location: [assembly].stats_dfs.s7_samples

     sample_coverage
A04              664
A05              802
A06              782
A07              814
A08              786
A09              804
A10              738
A11              332
A12              642
B04              777
B05              778
B06              787
B07              779
B08              652
B09              764
B10              761
B11              779
B12              475
C04              804
C05              761
C06              742
C07              763
C08              763
C09              807
C10              729
C11              751
C12              424
D03              659
D04              804
D05              724
D06              578
D07              739
D08              796
D09              810
D10              777
D12              717
E03              516
E04              829
E05              774
E06              556
E07              706
E08              719
E09              793
E10              353
E11              411
E12              624
F04              794
F05              761
F06              743
F07              714
F08              655
F09              648
F10              700
F11              618
F12              267
G04              795
G05              787
G06              784
G07              678
G08              750
G09              715
G10              723
G11              772
G12              281
H03              733
H04              825
H05              764
H06              821
H07              540
H08              788
H09              630
H10              611
H11              635
H12              252


## The number of loci for which N taxa have data.
## ipyrad API location: [assembly].stats_dfs.s7_loci

    locus_coverage  sum_coverage
1                0             0
2                0             0
3                0             0
4                0             0
5                0             0
6                0             0
7                0             0
8                0             0
9                0             0
10               0             0
11               0             0
12               0             0
13               0             0
14               0             0
15               0             0
16               0             0
17               0             0
18               0             0
19               0             0
20               0             0
21               0             0
22               0             0
23               0             0
24               0             0
25               0             0
26               0             0
27               0             0
28               0             0
29               0             0
30               0             0
31               0             0
32               0             0
33               0             0
34               0             0
35               0             0
36               0             0
37               0             0
38               0             0
39               0             0
40               0             0
41               0             0
42               0             0
43               0             0
44              83            83
45              79           162
46              63           225
47              55           280
48              53           333
49              55           388
50              42           430
51              39           469
52              36           505
53              34           539
54              33           572
55              25           597
56              36           633
57              27           660
58              23           683
59              15           698
60              18           716
61              21           737
62              14           751
63              23           774
64              17           791
65              11           802
66              17           819
67              19           838
68              17           855
69              20           875
70              19           894
71              18           912
72               9           921
73              12           933
74              13           946


## The distribution of SNPs (var and pis) per locus.
## var = Number of loci with n variable sites (pis + autapomorphies)
## pis = Number of loci with n parsimony informative site (minor allele in >1 sample)
## ipyrad API location: [assembly].stats_dfs.s7_snps

    var  sum_var  pis  sum_pis
0    11        0   61        0
1    20       20   52       52
2    26       72   40      132
3    14      114   46      270
4    17      182   72      558
5    26      312   74      928
6    22      444   68     1336
7    18      570   71     1833
8    21      738   64     2345
9    25      963   54     2831
10   21     1173   65     3481
11   39     1602   54     4075
12   36     2034   44     4603
13   35     2489   37     5084
14   31     2923   33     5546
15   39     3508   30     5996
16   45     4228   22     6348
17   44     4976    9     6501
18   53     5930   11     6699
19   58     7032    7     6832
20   35     7732    8     6992
21   22     8194    8     7160
22   15     8524    7     7314
23   28     9168    2     7360
24   24     9744    4     7456
25   25    10369    0     7456
26   23    10967    1     7482
27   29    11750    0     7482
28   24    12422    0     7482
29   20    13002    2     7540
30   28    13842    0     7540
31   11    14183    0     7540
32   13    14599    0     7540
33    9    14896    0     7540
34    7    15134    0     7540
35    8    15414    0     7540
36    7    15666    0     7540
37    6    15888    0     7540
38    8    16192    0     7540
39    3    16309    0     7540


## Final Sample stats summary

     state  reads_raw  reads_passed_filter  clusters_total  clusters_hidepth  hetero_est  error_est  reads_consens  loci_in_assembly
A04      7    1586919              1354596          302552             41061    0.009019   0.003982          39184               664
A05      7    2617719              2339116          409131             60751    0.007437   0.003919          57765               802
A06      7    3196820              2725690          530378             76007    0.009620   0.003996          72212               782
A07      7    3500405              3057619          652338             84836    0.013222   0.004321          79844               814
A08      7    2758913              2374411          407836             64707    0.008951   0.004057          61307               786
A09      7    6118488              5133172          776968            107495    0.008894   0.003963         101396               804
A10      7    2624056              2258959          440904             57714    0.007548   0.003850          54939               738
A11      7    1341199              1067157          232585             33660    0.003934   0.002975          32713               332
A12      7    3465897              2913651          535801             72674    0.008823   0.004139          68768               642
B04      7    2450881              2097567          396489             61218    0.009259   0.004048          58277               777
B05      7    2073998              1758627          344311             52975    0.007751   0.004034          50580               778
B06      7    2802567              2437598          538447             72138    0.013164   0.004347          68037               787
B07      7    3080592              2717205          543820             71654    0.013303   0.004234          67533               779
B08      7    1725562              1406349          348763             44280    0.009547   0.004536          41816               652
B09      7    4049292              3453532          587988             73099    0.009353   0.004221          68682               764
B10      7    3158841              2674297          465070             70618    0.006248   0.003847          67388               761
B11      7    4522997              3922011          698010             92327    0.009213   0.004038          87087               779
B12      7     803051               649080          177934             21771    0.007523   0.003907          20879               475
C04      7    3795362              3239000          579504             80948    0.009324   0.004011          76715               804
C05      7    2000023              1698009          373276             53125    0.008056   0.004637          50375               761
C06      7    2935447              2534636          468014             65956    0.009344   0.003918          62543               742
C07      7    2603299              2220025          438844             59188    0.011400   0.004027          56104               763
C08      7    2475209              2165891          412973             60617    0.008152   0.003866          57699               763
C09      7    2719818              2279097          457914             65601    0.008398   0.004057          62444               807
C10      7    3175008              2817306          463979             57213    0.006884   0.003911          54342               729
C11      7    3084661              2629000          560016             73489    0.008614   0.004323          69667               751
C12      7    1040817               853382          228465             26839    0.007173   0.004212          25695               424
D03      7    2882929              2479207          529252             68115    0.007935   0.003627          65104               659
D04      7    3183276              2614294          490553             73081    0.008390   0.003796          69761               804
D05      7    1990582              1700466          393361             49891    0.008823   0.004139          47603               724
D06      7    2776506              2267258          592066             60481    0.016537   0.006422          53471               578
D07      7    2533610              2159762          392819             53456    0.008577   0.003794          50935               739
D08      7    4205186              3461111          582059             83846    0.009141   0.003846          79453               796
D09      7    4085512              3578700          676287             92233    0.008823   0.004139          87391               810
D10      7    2842575              2389990          404021             64100    0.006117   0.003825          61195               777
D12      7    3695182              3098038          598153             84259    0.008823   0.004139          80060               717
E03      7    1774507              1490846          335478             39547    0.008150   0.003568          37907               516
E04      7    4417062              3745268          662604             98921    0.008720   0.004271          93505               829
E05      7    2426229              1934368          373135             52338    0.007930   0.003881          49916               774
E06      7    1103238               959931          245706             32116    0.012768   0.004843          30566               556
E07      7    2048408              1705239          348874             45682    0.008136   0.003705          43580               706
E08      7    3874828              3155711          455751             61073    0.009375   0.004050          57088               719
E09      7    4280668              3601733          636969             89234    0.009150   0.004019          84439               793
E10      7    1014823               840613          220290             25337    0.008574   0.003285          24336               353
E11      7     858001               698927          192986             20424    0.009403   0.004227          19504               411
E12      7    2707996              2059749          441264             52660    0.009997   0.004636          49487               624
F04      7    3074553              2675881          554592             79906    0.008823   0.004139          76116               794
F05      7    2788467              2469712          553410             72289    0.009611   0.004245          68606               761
F06      7    2478691              2205969          429037             58193    0.008954   0.003822          55320               743
F07      7    4138931              3486057          532626             69256    0.009200   0.003707          65560               714
F08      7    1725993              1430919          280597             42008    0.007318   0.003845          40193               655
F09      7    2025575              1647712          334645             47097    0.009554   0.004627          44438               648
F10      7    2280041              1936489          385781             52886    0.008275   0.003840          50359               700
F11      7    1387216              1228741          315674             37658    0.009310   0.004861          35417               618
F12      7    3050504              2538559          519485             66117    0.009615   0.004415          62221               267
G04      7    2581888              2327776          496661             69696    0.008350   0.004246          66160               795
G05      7    5566383              4790820          832861            114462    0.009940   0.004231         107591               787
G06      7    4393871              3717786          684000             93396    0.009731   0.003902          88413               784
G07      7    1782859              1544180          324793             41614    0.008170   0.003780          39762               678
G08      7    4571388              3875516          596593             81595    0.007857   0.003895          77000               750
G09      7    2780450              2491433          556898             65194    0.008386   0.004415          61674               715
G10      7    2161071              1883830          419804             57376    0.008869   0.003933          54750               723
G11      7    3704800              3174028          566080             78040    0.009222   0.003924          74020               772
G12      7    2250037              2039141          425793             57844    0.005879   0.004314          55021               281
H03      7    3224769              2712761          460226             64718    0.008963   0.003720          61436               733
H04      7    3510826              2933298          578533             83660    0.008406   0.004007          79682               825
H05      7    2085754              1755329          365029             56665    0.009078   0.003832          54181               764
H06      7    3412852              2843398          562728             76838    0.013291   0.004042          72672               821
H07      7    1123664               915356          190151             23257    0.008823   0.004139          21933               540
H08      7    4306433              3727221          645329             92176    0.008099   0.004013          87536               788
H09      7    2001007              1671174          406152             47403    0.007629   0.003486          45444               630
H10      7    1550369              1362977          325594             40323    0.007511   0.003864          38551               611
H11      7    3911694              3256036          593421             77000    0.008033   0.004236          72770               635
H12      7    2909170              2301133          499265             55007    0.015858   0.006185          48944               252