

## The number of loci caught by each filter.
## ipyrad API location: [assembly].stats_dfs.s7_filters

                            total_filters  applied_order  retained_loci
total_prefiltered_loci             396037              0         396037
filtered_by_rm_duplicates           21961          21961         374076
filtered_by_max_indels              38845          38845         335231
filtered_by_max_snps                 8631           4908         330323
filtered_by_max_shared_het           1089            428         329895
filtered_by_min_sample             384252         327092           2803
filtered_by_max_alleles             80036           1774           1029
total_filtered_loci                  1029              0           1029


## The number of loci recovered for each Sample.
## ipyrad API location: [assembly].stats_dfs.s7_samples

     sample_coverage
A04              737
A05              858
A06              843
A07              869
A08              851
A09              885
A10              786
A11              387
A12              714
B04              851
B05              852
B06              853
B07              859
B08              730
B09              824
B10              815
B11              842
B12              559
C04              888
C05              832
C06              817
C07              843
C08              817
C09              872
C10              778
C11              829
C12              492
D03              719
D04              879
D05              790
D06              685
D07              830
D08              859
D09              901
D10              832
D12              777
E03              590
E04              892
E05              852
E06              632
E07              765
E08              800
E09              868
E10              402
E11              508
E12              688
F04              889
F05              845
F06              779
F07              824
F08              724
F09              726
F10              755
F11              673
F12              347
G04              877
G05              870
G06              833
G07              738
G08              838
G09              764
G10              774
G11              835
G12              346
H03              805
H04              887
H05              833
H06              859
H07              627
H08              872
H09              656
H10              676
H11              696
H12              324


## The number of loci for which N taxa have data.
## ipyrad API location: [assembly].stats_dfs.s7_loci

    locus_coverage  sum_coverage
1                0             0
2                0             0
3                0             0
4                0             0
5                0             0
6                0             0
7                0             0
8                0             0
9                0             0
10               0             0
11               0             0
12               0             0
13               0             0
14               0             0
15               0             0
16               0             0
17               0             0
18               0             0
19               0             0
20               0             0
21               0             0
22               0             0
23               0             0
24               0             0
25               0             0
26               0             0
27               0             0
28               0             0
29               0             0
30               0             0
31               0             0
32               0             0
33               0             0
34               0             0
35               0             0
36               0             0
37               0             0
38               0             0
39               0             0
40               0             0
41               0             0
42               0             0
43               0             0
44              84            84
45              74           158
46              61           219
47              70           289
48              44           333
49              59           392
50              50           442
51              38           480
52              46           526
53              35           561
54              33           594
55              37           631
56              31           662
57              28           690
58              32           722
59              20           742
60              18           760
61              24           784
62              22           806
63              21           827
64              16           843
65              14           857
66              16           873
67              16           889
68              19           908
69              18           926
70              27           953
71              19           972
72              20           992
73              15          1007
74              22          1029


## The distribution of SNPs (var and pis) per locus.
## var = Number of loci with n variable sites (pis + autapomorphies)
## pis = Number of loci with n parsimony informative site (minor allele in >1 sample)
## ipyrad API location: [assembly].stats_dfs.s7_snps

    var  sum_var  pis  sum_pis
0     8        0   51        0
1    18       18   61       61
2    24       66   63      187
3    23      135   67      388
4    22      223   83      720
5    17      308   85     1145
6    24      452   80     1625
7    27      641   82     2199
8    28      865   79     2831
9    43     1252   60     3371
10   33     1582   61     3981
11   42     2044   58     4619
12   45     2584   33     5015
13   40     3104   32     5431
14   35     3594   25     5781
15   47     4299   29     6216
16   37     4891   18     6504
17   48     5707   14     6742
18   47     6553    7     6868
19   60     7693   11     7077
20   49     8673    8     7237
21   22     9135    8     7405
22   18     9531    5     7515
23   26    10129    3     7584
24   28    10801    5     7704
25   27    11476    0     7704
26   19    11970    1     7730
27   28    12726    0     7730
28   17    13202    0     7730
29   24    13898    0     7730
30   17    14408    0     7730
31   15    14873    0     7730
32   16    15385    0     7730
33   13    15814    0     7730
34   11    16188    0     7730
35    9    16503    0     7730
36    5    16683    0     7730
37    7    16942    0     7730
38    7    17208    0     7730
39    3    17325    0     7730


## Final Sample stats summary

     state  reads_raw  reads_passed_filter  clusters_total  clusters_hidepth  hetero_est  error_est  reads_consens  loci_in_assembly
A04      7    1586919              1354596          270749             40214    0.012447   0.004901          37114               737
A05      7    2617719              2339116          356686             60039    0.010453   0.004873          55135               858
A06      7    3196820              2725690          465098             73304    0.013415   0.005110          66952               843
A07      7    3500405              3057619          567863             81646    0.017096   0.005461          73582               869
A08      7    2758913              2374411          351411             62865    0.012717   0.005173          57304               851
A09      7    6118488              5133172          660226            105123    0.012167   0.005078          94668               885
A10      7    2624056              2258959          390780             56486    0.010193   0.005069          51964               786
A11      7    1341199              1067157          215408             33751    0.005731   0.003677          32184               387
A12      7    3465897              2913651          464949             71016    0.010531   0.005229          64682               714
B04      7    2450881              2097567          345778             59419    0.013061   0.005112          54468               851
B05      7    2073998              1758627          302459             51649    0.011241   0.005101          47687               852
B06      7    2802567              2437598          473622             69799    0.017124   0.005431          63289               853
B07      7    3080592              2717205          473686             69324    0.017064   0.005352          62851               859
B08      7    1725562              1406349          306927             43714    0.014166   0.005824          39522               730
B09      7    4049292              3453532          506291             72110    0.012313   0.005463          64947               824
B10      7    3158841              2674297          405995             69827    0.009286   0.004895          64111               815
B11      7    4522997              3922011          605003             90101    0.012639   0.005190          81361               842
B12      7     803051               649080          162676             21814    0.010499   0.004853          20392               559
C04      7    3795362              3239000          504332             78368    0.012783   0.005097          71443               888
C05      7    2000023              1698009          327472             51717    0.011481   0.005975          47225               832
C06      7    2935447              2534636          407813             64547    0.012673   0.004975          58965               817
C07      7    2603299              2220025          383801             57956    0.015156   0.005124          52853               843
C08      7    2475209              2165891          360650             59913    0.011725   0.004899          54915               817
C09      7    2719818              2279097          402440             63725    0.012175   0.005146          58289               872
C10      7    3175008              2817306          408320             56829    0.009286   0.004841          52259               778
C11      7    3084661              2629000          495037             71154    0.011771   0.005522          64984               829
C12      7    1040817               853382          208583             26562    0.009706   0.005189          24705               492
D03      7    2882929              2479207          478116             67331    0.010175   0.004501          62798               719
D04      7    3183276              2614294          429571             70729    0.011967   0.004860          64944               879
D05      7    1990582              1700466          353026             48377    0.011555   0.005302          44625               790
D06      7    2776506              2267258          474246             63278    0.025249   0.008461          50351               685
D07      7    2533610              2159762          344243             52678    0.011979   0.004819          48388               830
D08      7    4205186              3461111          500441             81747    0.013077   0.004934          74148               859
D09      7    4085512              3578700          590130             89259    0.011781   0.005330          81239               901
D10      7    2842575              2389990          352741             63156    0.009576   0.004799          58087               832
D12      7    3695182              3098038          520837             81120    0.012283   0.005351          73835               777
E03      7    1774507              1490846          304885             38825    0.010283   0.004481          36300               590
E04      7    4417062              3745268          566713             95267    0.012934   0.005473          86118               892
E05      7    2426229              1934368          329312             51362    0.010815   0.004968          47371               852
E06      7    1103238               959931          217344             31673    0.017124   0.006213          28846               632
E07      7    2048408              1705239          310827             45103    0.011072   0.004680          41654               765
E08      7    3874828              3155711          380329             61857    0.013125   0.005154          55086               800
E09      7    4280668              3601733          549900             85697    0.012714   0.005202          77827               868
E10      7    1014823               840613          202661             25047    0.010732   0.004034          23515               402
E11      7     858001               698927          177329             20406    0.012531   0.005156          18902               508
E12      7    2707996              2059749          384579             51827    0.014101   0.006025          46591               688
F04      7    3074553              2675881          489454             76570    0.012217   0.005289          70057               889
F05      7    2788467              2469712          492590             69899    0.012936   0.005272          63911               845
F06      7    2478691              2205969          377662             57445    0.012276   0.004757          52661               779
F07      7    4138931              3486057          459102             67883    0.012003   0.004797          62006               824
F08      7    1725993              1430919          246754             41496    0.010621   0.004896          38314               724
F09      7    2025575              1647712          287137             46189    0.014324   0.006083          41604               726
F10      7    2280041              1936489          342309             51773    0.011477   0.004846          47709               755
F11      7    1387216              1228741          279829             37650    0.013071   0.006022          34008               673
F12      7    3050504              2538559          454430             64353    0.013780   0.005657          57869               347
G04      7    2581888              2327776          440361             67551    0.010982   0.005332          61954               877
G05      7    5566383              4790820          711321            110748    0.013567   0.005448          99475               870
G06      7    4393871              3717786          594581             91025    0.013240   0.005000          82828               833
G07      7    1782859              1544180          290969             41094    0.011222   0.004751          38114               738
G08      7    4571388              3875516          509720             80696    0.011005   0.005058          72898               838
G09      7    2780450              2491433          498217             62986    0.011186   0.005767          57632               764
G10      7    2161071              1883830          373667             55972    0.012216   0.004933          51521               774
G11      7    3704800              3174028          492487             76043    0.012838   0.005022          69346               835
G12      7    2250037              2039141          380128             56237    0.008781   0.005437          51733               346
H03      7    3224769              2712761          401045             63471    0.012596   0.004781          58019               805
H04      7    3510826              2933298          506811             80992    0.012179   0.005113          74069               887
H05      7    2085754              1755329          322375             55235    0.012662   0.004917          50966               833
H06      7    3412852              2843398          489203             74537    0.017256   0.005185          67609               859
H07      7    1123664               915356          166512             23564    0.012238   0.005285          21588               627
H08      7    4306433              3727221          559712             89624    0.011317   0.005126          81751               872
H09      7    2001007              1671174          370650             46594    0.009404   0.004325          43663               656
H10      7    1550369              1362977          294826             39706    0.010222   0.004834          36936               676
H11      7    3911694              3256036          517650             75350    0.010508   0.005406          68591               696
H12      7    2909170              2301133          400934             56081    0.021830   0.008026          45901               324