

## The number of loci caught by each filter.
## ipyrad API location: [assembly].stats_dfs.s7_filters

                            total_filters  applied_order  retained_loci
total_prefiltered_loci             297087              0         297087
filtered_by_rm_duplicates           20945          20945         276142
filtered_by_max_indels              41382          41382         234760
filtered_by_max_snps                 5630           2340         232420
filtered_by_max_shared_het            368            124         232296
filtered_by_min_sample             290195         231277           1019
filtered_by_max_alleles             59758            658            361
total_filtered_loci                   361              0            361


## The number of loci recovered for each Sample.
## ipyrad API location: [assembly].stats_dfs.s7_samples

     sample_coverage
A04              327
A05              348
A06              351
A07              349
A08              345
A09              348
A10              338
A11              220
A12              318
B04              351
B05              3515656
B06              354
B07              348
B08              332
B09              350
B10              346
B11              343
B12              294
C04              354
C05              343
C06              338
C07              356
C08              337
C09              354
C10              340
C11              346
C12              270
D03              336
D04              353
D05              344
D06              298
D07              351
D08              347
D09              345
D10              344
D12              324
E03              301
E04              356
E05              350
E06              319
E07              341
E08              346
E09              350
E10              221
E11              269
E12              313
F04              349
F05              343
F06              344
F07              339
F08              339
F09              326
F10              332
F11              323
F12              196
G04              354
G05              342
G06              342
G07              337
G08              344
G09              343
G10              331
G11              353
G12              217
H03              328
H04              352
H05              344
H06              346
H07              307
H08              347
H09              327
H10              324
H11              311
H12              200


## The number of loci for which N taxa have data.
## ipyrad API location: [assembly].stats_dfs.s7_loci

    locus_coverage  sum_coverage
1                0             0
2                0             0
3                0             0
4                0             0
5                0             0
6                0             0
7                0             0
8                0             0
9                0             0
10               0             0
11               0             0
12               0             0
13               0             0
14               0             0
15               0             0
16               0             0
17               0             0
18               0             0
19               0             0
20               0             0
21               0             0
22               0             0
23               0             0
24               0             0
25               0             0
26               0             0
27               0             0
28               0             0
29               0             0
30               0             0
31               0             0
32               0             0
33               0             0
34               0             0
35               0             0
36               0             0
37               0             0
38               0             0
39               0             0
40               0             0
41               0             0
42               0             0
43               0             0
44               0             0
45               0             0
46               0             0
47               0             0
48               0             0
49               0             0
50               0             0
51               0             0
52               0             0
53               0             0
54               0             0
55               0             0
56               0             0
57               0             0
58               0             0
59               0             0
60              23            23
61              25            48
62              21            69
63              15            84
64              22           106
65              17           123
66              20           143
67              29           172
68              27           199
69              30           229
70              35           264
71              32           296
72              22           318
73              23           341
74              20           361


## The distribution of SNPs (var and pis) per locus.
## var = Number of loci with n variable sites (pis + autapomorphies)
## pis = Number of loci with n parsimony informative site (minor allele in >1 sample)
## ipyrad API location: [assembly].stats_dfs.s7_snps

    var  sum_var  pis  sum_pis
0     6        0   27        0
1    12       12   24       24
2    11       34   14       52
3     9       61   17      103
4     4       77   36      247
5     9      122   30      397
6     4      146   36      613
7     5      181   30      823
8     6      229   36     1111
9    15      364   29     1372
10   10      464   18     1552
11   15      629   19     1761
12   16      821   11     1893
13   16     1029   11     2036
14   21     1323    9     2162
15   19     1608    7     2267
16   18     1896    0     2267
17   24     2304    2     2301
18   23     2718    1     2319
19   20     3098    2     2357
20   21     3518    0     2357
21    6     3644    1     2378
22    4     3732    1     2400
23    8     3916    0     2400
24    7     4084    0     2400
25    7     4259    0     2400
26    5     4389    0     2400
27    5     4524    0     2400
28    4     4636    0     2400
29    3     4723    0     2400
30    5     4873    0     2400
31    5     5028    0     2400
32    5     5188    0     2400
33    2     5254    0     2400
34    1     5288    0     2400
35    1     5323    0     2400
36    1     5359    0     2400
37    7     5618    0     2400
38    1     5656    0     2400


## Final Sample stats summary

     state  reads_raw  reads_passed_filter  clusters_total  clusters_hidepth  hetero_est  error_est  reads_consens  loci_in_assembly
A04      7    1586919              1354596          235347             38742    0.018843   0.006202          33569               327
A05      7    2617719              2339116          300852             58331    0.016608   0.006092          50094               348
A06      7    3196820              2725690          390792             68615    0.020684   0.006614          58100               351
A07      7    3500405              3057619          472944             77210    0.024080   0.007078          64221               349
A08      7    2758913              2374411          292784             59154    0.019446   0.006680          50293               345
A09      7    6118488              5133172          532203             98690    0.019546   0.006711          81786               348
A10      7    2624056              2258959          331070             53978    0.016338   0.006290          46529               338
A11      7    1341199              1067157          196878             33761    0.009048   0.004447          31140               220
A12      7    3465897              2913651          386393             67349    0.016586   0.006885          57399               318
B04      7    2450881              2097567          290651             55871    0.019907   0.006608          47703               351
B05      7    2073998              1758627          254919             49123    0.017920   0.006597          42246               351
B06      7    2802567              2437598          401415             65932    0.023666   0.006963          55437               354
B07      7    3080592              2717205          397753             65804    0.023706   0.006872          55280               348
B08      7    1725562              1406349          261926             41712    0.021497   0.007594          34876               332
B09      7    4049292              3453532          417080             68923    0.018728   0.006842          57690               350
B10      7    3158841              2674297          341336             66970    0.015601   0.006265          57367               346
B11      7    4522997              3922011          499785             85023    0.019503   0.006678          71036               343
B12      7     803051               649080          145118             21565    0.016344   0.006104          18999               294
C04      7    3795362              3239000          419008             73448    0.019815   0.006661          61986               354
C05      7    2000023              1698009          276645             48607    0.018521   0.007729          41209               343
C06      7    2935447              2534636          342986             61680    0.019257   0.006314          52366               338
C07      7    2603299              2220025          323990             55388    0.021529   0.006662          47076               356
C08      7    2475209              2165891          304322             57934    0.018292   0.006267          49520               337
C09      7    2719818              2279097          339120             60061    0.019372   0.006813          50889               354
C10      7    3175008              2817306          347074             55525    0.014680   0.005817          48192               340
C11      7    3084661              2629000          416118             66795    0.018942   0.007319          56495               346
C12      7    1040817               853382          183412             25882    0.015567   0.006965          22556               270
D03      7    2882929              2479207          419998             66064    0.014566   0.005464          58872               336
D04      7    3183276              2614294          360158             66188    0.019293   0.006436          56342               353
D05      7    1990582              1700466          301820             45527    0.018498   0.007137          38994               344
D06      7    2776506              2267258          379058             60274    0.034185   0.010917          42511               298
D07      7    2533610              2159762          292081             50688    0.018410   0.006158          43501               351
D08      7    4205186              3461111          414554             77289    0.020245   0.006387          64765               347
D09      7    4085512              3578700          490574             83365    0.018566   0.007109          70215               345
D10      7    2842575              2389990          297313             60490    0.015667   0.006110          52035               344
D12      7    3695182              3098038          430685             75196    0.019838   0.007282          63075               324
E03      7    1774507              1490846          268384             37919    0.015426   0.005438          33721               301
E04      7    4417062              3745268          461403             87787    0.021263   0.007302          73006               356
E05      7    2426229              1934368          279397             49330    0.017447   0.006453          42415               350
E06      7    1103238               959931          185996             30268    0.023890   0.008199          25510               319
E07      7    2048408              1705239          266719             43870    0.016799   0.005892          38261               341
E08      7    3874828              3155711          310408             60771    0.018865   0.006445          50546               346
E09      7    4280668              3601733          451510             79119    0.019795   0.006925          66483               350
E10      7    1014823               840613          181819             24812    0.015296   0.005081          22285               221
E11      7     858001               698927          157505             19955    0.018815   0.006495          17338               269
E12      7    2707996              2059749          321971             48686    0.021615   0.007989          40299               313
F04      7    3074553              2675881          413193             70564    0.019139   0.006974          60034               349
F05      7    2788467              2469712          420648             65430    0.019443   0.006763          55868               343
F06      7    2478691              2205969          321028             56280    0.017523   0.005967          48571               344
F07      7    4138931              3486057          379822             65428    0.017962   0.006109          55973               339
F08      7    1725993              1430919          210583             40116    0.016867   0.006229          34673               339
F09      7    2025575              1647712          238423             43327    0.021992   0.007966          35859               326
F10      7    2280041              1936489          293834             49505    0.017399   0.006234          42765               332
F11      7    1387216              1228741          241457             36801    0.019626   0.007643          30889               323
F12      7    3050504              2538559          381294             60265    0.021185   0.007455          49952               196
G04      7    2581888              2327776          374628             63841    0.017534   0.006878          54593               354
G05      7    5566383              4790820          578295            103021    0.020781   0.007077          85289               342
G06      7    4393871              3717786          495124             86588    0.019833   0.006392          73162               342
G07      7    1782859              1544180          253193             39978    0.016850   0.005959          34876               337
G08      7    4571388              3875516          416357             77320    0.017617   0.006531          64606               344
G09      7    2780450              2491433          424268             59702    0.017013   0.006872          51099               343
G10      7    2161071              1883830          320615             53304    0.018259   0.006216          45971               331
G11      7    3704800              3174028          409354             72237    0.019405   0.006540          61142               353
G12      7    2250037              2039141          324979             53043    0.014829   0.007030          45671               217
H03      7    3224769              2712761          337752             60486    0.019256   0.006108          51437               328
H04      7    3510826              2933298          425018             75606    0.019079   0.006823          63947               352
H05      7    2085754              1755329          274937             52457    0.019402   0.006339          45052               344
H06      7    3412852              2843398          408678             70849    0.024160   0.006598          59325               346
H07      7    1123664               915356          144324             23613    0.017469   0.006460          20453               307
H08      7    4306433              3727221          462439             84389    0.018411   0.006679          71028               347
H09      7    2001007              1671174          325354             45849    0.013998   0.005217          40934               327
H10      7    1550369              1362977          259183             38652    0.015441   0.006075          34092               324
H11      7    3911694              3256036          429806             71320    0.016623   0.006948          60504               311
H12      7    2909170              2301133          319877             54100    0.029431   0.010240          39721               200
