

## The number of loci caught by each filter.
## ipyrad API location: [assembly].stats_dfs.s7_filters

                            total_filters  applied_order  retained_loci
total_prefiltered_loci             351990              0         351990
filtered_by_rm_duplicates           20717          20717         331273
filtered_by_max_indels              40450          40450         290823
filtered_by_max_snps                 3652           1894         288929
filtered_by_max_shared_het            583            296         288633
filtered_by_min_sample             347194         287667            966
filtered_by_max_alleles             72505            640            326
total_filtered_loci                   326              0            326


## The number of loci recovered for each Sample.
## ipyrad API location: [assembly].stats_dfs.s7_samples

     sample_coverage
A04              298
A05              309
A06              311
A07              313
A08              313
A09              308
A10              302
A11              193
A12              288
B04              313
B05              315
B06              317
B07              309
B08              295
B09              311
B10              304
B11              307
B12              262
C04              318
C05              308
C06              306
C07              316
C08              302
C09              316
C10              299
C11              308
C12              244
D03              296
D04              312
D05              309
D06              255
D07              314
D08              306
D09              308
D10              307
D12              293
E03              270
E04              318
E05              314
E06              282
E07              302
E08              311
E09              314
E10              191
E11              239
E12              283
F04              314
F05              314
F06              306
F07              306
F08              305
F09              296
F10              299
F11              289
F12              183
G04              311
G05              300
G06              303
G07              302
G08              307
G09              299
G10              296
G11              310
G12              196
H03              300
H04              317
H05              310
H06              313
H07              277
H08              312
H09              289
H10              291
H11              278
H12              178


## The number of loci for which N taxa have data.
## ipyrad API location: [assembly].stats_dfs.s7_loci

    locus_coverage  sum_coverage
1                0             0
2                0             0
3                0             0
4                0             0
5                0             0
6                0             0
7                0             0
8                0             0
9                0             0
10               0             0
11               0             0
12               0             0
13               0             0
14               0             0
15               0             0
16               0             0
17               0             0
18               0             0
19               0             0
20               0             0
21               0             0
22               0             0
23               0             0
24               0             0
25               0             0
26               0             0
27               0             0
28               0             0
29               0             0
30               0             0
31               0             0
32               0             0
33               0             0
34               0             0
35               0             0
36               0             0
37               0             0
38               0             0
39               0             0
40               0             0
41               0             0
42               0             0
43               0             0
44               0             0
45               0             0
46               0             0
47               0             0
48               0             0
49               0             0
50               0             0
51               0             0
52               0             0
53               0             0
54               0             0
55               0             0
56               0             0
57               0             0
58               0             0
59               0             0
60              18            18
61              33            51
62              28            79
63              21           100
64              18           118
65              27           145
66              16           161
67              26           187
68              19           206
69              22           228
70              25           253
71              20           273
72              18           291
73              13           304
74              22           326


## The distribution of SNPs (var and pis) per locus.
## var = Number of loci with n variable sites (pis + autapomorphies)
## pis = Number of loci with n parsimony informative site (minor allele in >1 sample)
## ipyrad API location: [assembly].stats_dfs.s7_snps

    var  sum_var  pis  sum_pis
0    11        0   33        0
1    11       11   24       24
2    12       35   16       56
3     8       59   19      113
4     6       83   32      241
5    10      133   26      371
6     8      181   27      533
7     3      202   19      666
8     9      274   28      890
9    18      436   21     1079
10    8      516   16     1239
11   12      648   18     1437
12   10      768    8     1533
13   14      950   11     1676
14    9     1076    7     1774
15   17     1331    7     1879
16   15     1571    2     1911
17   14     1809    2     1945
18   17     2115    2     1981
19   12     2343    1     2000
20   15     2643    1     2020
21    6     2769    3     2083
22    5     2879    1     2105
23    7     3040    0     2105
24    9     3256    2     2153
25   10     3506    0     2153
26    4     3610    0     2153
27    8     3826    0     2153
28    3     3910    0     2153
29    4     4026    0     2153
30    4     4146    0     2153
31    3     4239    0     2153
32    9     4527    0     2153
33    2     4593    0     2153
34    1     4627    0     2153
35    1     4662    0     2153
36    2     4734    0     2153
37    6     4956    0     2153
38    1     4994    0     2153
39    1     5033    0     2153
40    1     5073    0     2153


## Final Sample stats summary

     state  reads_raw  reads_passed_filter  clusters_total  clusters_hidepth  hetero_est  error_est  reads_consens  loci_in_assembly
A04      7    1586919              1354596          255588             39768    0.015178   0.005443          35729               298
A05      7    2617719              2339116          331944             59621    0.012932   0.005463          53245               309
A06      7    3196820              2725690          433221             71767    0.016239   0.005743          63390               311
A07      7    3500405              3057619          526662             80267    0.019906   0.006194          69857               313
A08      7    2758913              2374411          325405             61685    0.015254   0.005836          54539               313
A09      7    6118488              5133172          604552            103147    0.015201   0.005847          89581               308
A10      7    2624056              2258959          365660             55823    0.012764   0.005574          49865               302
A11      7    1341199              1067157          207376             33817    0.007249   0.003967          31780               193
A12      7    3465897              2913651          430651             69870    0.012652   0.006012          61893               288
B04      7    2450881              2097567          321410             58327    0.015697   0.005848          51867               313
B05      7    2073998              1758627          281635             50931    0.013821   0.005791          45577               315
B06      7    2802567              2437598          442601             68583    0.019632   0.006151          60200               317
B07      7    3080592              2717205          440459             68153    0.019529   0.005940          59783               309
B08      7    1725562              1406349          287094             43170    0.017203   0.006566          37714               295
B09      7    4049292              3453532          467963             71192    0.014924   0.006075          62043               311
B10      7    3158841              2674297          377393             69071    0.012123   0.005525          61476               304
B11      7    4522997              3922011          560064             88503    0.015289   0.005876          77341               307
B12      7     803051               649080          155237             21843    0.012700   0.005392          19938               262
C04      7    3795362              3239000          468097             76851    0.015423   0.005814          67733               318
C05      7    2000023              1698009          305337             50717    0.014130   0.006776          44904               308
C06      7    2935447              2534636          379253             63739    0.015188   0.005590          56418               306
C07      7    2603299              2220025          357759             57222    0.017700   0.005813          50553               316
C08      7    2475209              2165891          335661             59392    0.014470   0.005460          52794               302
C09      7    2719818              2279097          375238             62620    0.014979   0.005870          55495               316
C10      7    3175008              2817306          381959             56568    0.011300   0.005271          50728               299
C11      7    3084661              2629000          462136             69828    0.014581   0.006213          61729               308
C12      7    1040817               853382          198041             26448    0.011931   0.006017          23941               244
D03      7    2882929              2479207          453070             67108    0.011877   0.004950          61291               296
D04      7    3183276              2614294          399383             69325    0.014767   0.005574          61527               312
D05      7    1990582              1700466          331907             47491    0.014233   0.006115          42427               309
D06      7    2776506              2267258          427902             62817    0.029490   0.009585          47161               255
D07      7    2533610              2159762          321387             52129    0.014414   0.005471          46529               314
D08      7    4205186              3461111          462281             80462    0.015882   0.005588          70510               306
D09      7    4085512              3578700          547687             87378    0.014570   0.006064          76933               308
D10      7    2842575              2389990          328368             62359    0.011604   0.005399          55667               307
D12      7    3695182              3098038          482447             79233    0.015265   0.006097          69633               293
E03      7    1774507              1490846          289647             38595    0.012083   0.004867          35383               270
E04      7    4417062              3745268          520485             92926    0.015948   0.006243          80867               318
E05      7    2426229              1934368          307631             50800    0.013183   0.005594          45324               314
E06      7    1103238               959931          203692             31235    0.019638   0.007109          27511               282
E07      7    2048408              1705239          292027             44893    0.013436   0.005317          40448               302
E08      7    3874828              3155711          348144             61779    0.015643   0.005756          53231               311
E09      7    4280668              3601733          507466             83508    0.015340   0.005959          73350               314
E10      7    1014823               840613          193791             25028    0.012497   0.004495          23077               191
E11      7     858001               698927          169339             20269    0.014745   0.005809          18328               239
E12      7    2707996              2059749          357421             50985    0.017309   0.006927          44205               283
F04      7    3074553              2675881          457080             74522    0.014823   0.005968          66100               314
F05      7    2788467              2469712          462198             68567    0.015538   0.005964          60760               314
F06      7    2478691              2205969          352940             57152    0.014184   0.005295          51095               306
F07      7    4138931              3486057          424236             67179    0.014086   0.005357          59717               306
F08      7    1725993              1430919          230512             41150    0.013360   0.005474          36889               305
F09      7    2025575              1647712          264980             45323    0.017340   0.006940          39426               296
F10      7    2280041              1936489          321558             51068    0.013814   0.005448          45808               299
F11      7    1387216              1228741          262955             37426    0.015277   0.006735          32851               289
F12      7    3050504              2538559          423360             63130    0.016633   0.006430          54780               183
G04      7    2581888              2327776          412414             66345    0.013707   0.005940          58978               311
G05      7    5566383              4790820          653142            108301    0.016495   0.006161          93834               300
G06      7    4393871              3717786          551351             89626    0.015833   0.005623          79004               303
G07      7    1782859              1544180          274656             40781    0.013295   0.005319          36816               302
G08      7    4571388              3875516          468901             79850    0.013831   0.005679          69667               307
G09      7    2780450              2491433          467712             61897    0.013020   0.005993          55055               299
G10      7    2161071              1883830          350846             55015    0.014410   0.005497          49275               296
G11      7    3704800              3174028          456412             74897    0.015204   0.005654          66184               310
G12      7    2250037              2039141          357017             55131    0.011330   0.006201          49267               196
H03      7    3224769              2712761          373368             62628    0.015048   0.005378          55517               300
H04      7    3510826              2933298          471715             79234    0.014740   0.005883          70074               317
H05      7    2085754              1755329          301856             54408    0.015215   0.005490          48724               310
H06      7    3412852              2843398          454146             73373    0.020116   0.005787          64251               313
H07      7    1123664               915356          156225             23716    0.014644   0.005776          21165               277
H08      7    4306433              3727221          517760             88063    0.014011   0.005819          77520               312
H09      7    2001007              1671174          352452             46470    0.011284   0.004717          42629               289
H10      7    1550369              1362977          279717             39484    0.012184   0.005486          35871               291
H11      7    3911694              3256036          480300             74129    0.012811   0.006091          65400               278
H12      7    2909170              2301133          362117             55777    0.025046   0.009025          43463               178